$SPEC_ID:
Tme calibration 1.9952 +- 1 MHz 125nS pulser pulse length
$SPEC_REM:
DET# 1
DETDESC# CASENSL5 Easy-MCA-2k SN 14163588
AP# Maestro Version 7.01
$DATE_MEA:
03/07/2017 15:49:35
$MEAS_TIM:
368 368
$DATA:
0 2047
       0
       0
       1
       0
       0
       1
       0
       0
       0
       0
       0
       0
       0
       2
       0
       0
       0
       0
       1
       0
       1
       1
     154
     253
     733
    1046
    1090
    1210
     982
     729
     524
     348
     221
      83
      47
      38
      45
      39
      49
      53
      45
      40
      40
      43
      53
      48
      44
      48
      44
      49
      49
      49
      52
      50
      29
      50
      55
      58
      48
      42
      46
      53
      42
      51
      54
      52
      60
      31
      46
      43
      47
      40
      55
      42
      47
      50
      42
      51
      52
      47
      41
      37
      46
      46
      45
      42
      43
      60
      49
      38
      54
      49
      40
      38
      47
      46
      31
      52
      38
      44
      38
      47
      46
      40
      47
      44
      56
      34
      41
      48
      39
      39
      52
      51
      41
      36
      44
      32
      37
      46
      56
      43
      33
      39
      36
      42
      33
      37
      39
      32
      18
       1
       0
       0
       0
       0
       0
       0
       1
       0
       0
       0
       0
       0
       0
       0
       0
       0
       0
       0
       0
       0
       0
       0
       0
       0
       0
       0
       0
       0
       0
       0
       0
       0
       0
       0
       0
       0
       0
       0
       0
       0
       0
       0
       0
       0
       0
       0
       0
       0
       0
       0
       0
       0
       0
       0
       0
       0
       0
       0
       0
       0
       0
       0
       0
       0
       1
       0
       0
       0
       0
       1
       1
       0
       0
       0
      39
     550
      42
      50
      48
      56
      45
      46
      46
      44
      42
      54
      32
      45
      45
      43
      57
      40
      46
      48
      49
      48
      44
      53
      43
      49
      57
      46
      57
      48
      39
      48
      54
      47
      42
      41
      44
      44
      37
      36
      35
      62
      52
      52
      42
      41
      53
      43
      54
      43
      48
      53
      51
      52
      50
      50
      54
      59
      65
      35
      54
      44
      51
      50
      39
      46
      47
      37
      42
      47
      51
      52
      40
      43
      52
      53
      54
      57
      47
      45
      44
      42
      47
      44
      45
      40
      33
      45
      36
      38
      49
      38
      37
      46
      36
      36
      39
      39
      44
      38
      31
      38
      39
      37
      46
      47
      31
      31
      38
      32
      30
      17
       1
       0
       0
       1
       0
       0
       0
       0
       0
       0
       0
       0
       0
       0
       0
       0
       0
       0
       0
       0
       0
       0
       0
       0
       0
       0
       0
       0
       0
       0
       0
       0
       0
       0
       0
       0
       0
       0
       0
       0
       0
       0
       0
       0
       0
       0
       0
       0
       0
       0
       0
       0
       0
       0
       0
       0
       0
       0
       0
       0
       0
       0
       0
       0
       0
       0
       0
       1
       0
       1
       0
       0
       2
       1
       1
       1
     496
      39
      49
      43
      49
      51
      42
      53
      46
      36
      38
      57
      38
      37
      29
      38
      58
      48
      49
      34
      42
      48
      50
      51
      42
      57
      52
      34
      47
      46
      40
      30
      46
      50
      50
      48
      42
      43
      45
      48
      35
      56
      54
      43
      46
      46
      54
      45
      51
      44
      43
      39
      53
      42
      34
      39
      40
      38
      47
      52
      49
      47
      41
      41
      52
      44
      55
      43
      44
      47
      46
      40
      49
      54
      51
      45
      43
      47
      42
      52
      41
      45
      40
      40
      41
      55
      42
      35
      45
      44
      30
      40
      46
      39
      37
      37
      49
      26
      43
      39
      45
      37
      38
      29
      39
      31
      42
      35
      42
      35
      43
      32
      25
       1
       0
       0
       0
       0
       0
       0
       0
       0
       0
       0
       0
       0
       0
       0
       0
       0
       0
       0
       0
       0
       0
       0
       0
       0
       0
       0
       0
       0
       0
       0
       0
       0
       0
       0
       0
       0
       0
       0
       0
       0
       0
       0
       0
       0
       0
       0
       0
       0
       0
       0
       0
       0
       0
       0
       0
       0
       0
       0
       0
       0
       0
       0
       0
       0
       0
       0
       0
       0
       0
       1
       0
       0
       0
       0
     288
     290
      50
      48
      57
      53
      49
      51
      45
      43
      36
      50
      54
      64
      39
      35
      43
      39
      43
      51
      46
      46
      43
      40
      59
      45
      35
      46
      40
      42
      42
      40
      65
      34
      41
      57
      50
      62
      46
      50
      49
      48
      54
      41
      54
      46
      44
      55
      54
      36
      53
      46
      48
      38
      57
      53
      36
      55
      48
      48
      47
      57
      50
      39
      51
      44
      38
      39
      48
      49
      50
      46
      49
      45
      44
      39
      26
      43
      54
      42
      36
      52
      43
      46
      36
      54
      57
      37
      43
      31
      49
      42
      35
      48
      45
      44
      31
      44
      54
      40
      43
      47
      38
      41
      35
      33
      37
      31
      44
      41
      32
      26
       0
       0
       0
       0
       0
       0
       0
       0
       0
       0
       0
       0
       0
       0
       0
       0
       0
       0
       0
       0
       0
       0
       0
       0
       0
       0
       0
       0
       0
       0
       0
       0
       0
       0
       0
       0
       0
       0
       0
       0
       0
       0
       0
       0
       0
       0
       0
       0
       0
       0
       0
       0
       0
       0
       0
       0
       0
       0
       0
       0
       0
       0
       0
       0
       0
       0
       0
       0
       3
       1
       2
       0
       0
       0
       0
       7
     499
      46
      50
      54
      44
      43
      44
      45
      33
      62
      47
      35
      34
      52
      49
      49
      54
      47
      44
      42
      48
      43
      54
      43
      43
      47
      43
      45
      41
      42
      44
      39
      52
      48
      37
      42
      37
      49
      44
      41
      52
      48
      42
      50
      47
      51
      40
      52
      47
      40
      38
      53
      28
      50
      53
      55
      39
      47
      37
      49
      50
      41
      52
      46
      58
      33
      58
      44
      30
      34
      57
      47
      40
      38
      47
      38
      59
      41
      43
      44
      52
      44
      42
      49
      50
      34
      40
      41
      48
      33
      49
      42
      42
      42
      45
      33
      40
      46
      34
      32
      45
      39
      38
      32
      40
      30
      30
      36
      49
      34
      44
      31
      14
       1
       0
       0
       0
       0
       0
       1
       0
       0
       0
       0
       0
       0
       0
       0
       0
       0
       0
       0
       0
       0
       0
       0
       0
       0
       0
       0
       0
       0
       0
       0
       0
       0
       0
       0
       0
       0
       0
       0
       0
       0
       0
       0
       0
       0
       0
       0
       0
       0
       0
       0
       0
       0
       0
       0
       0
       0
       0
       0
       0
       0
       0
       0
       0
       0
       0
       1
       0
       0
       0
       0
       0
       1
       1
       1
     406
     134
      40
      42
      56
      35
      37
      42
      50
      46
      30
      37
      50
      36
      45
      60
      49
      46
      52
      52
      47
      52
      54
      48
      42
      44
      56
      41
      44
      49
      38
      47
      49
      51
      42
      52
      41
      52
      42
      41
      43
      33
      47
      47
      53
      48
      42
      64
      43
      48
      43
      44
      48
      51
      50
      53
      39
      50
      49
      38
      43
      39
      47
      38
      45
      43
      49
      56
      43
      48
      40
      53
      37
      37
      48
      39
      40
      48
      44
      36
      36
      45
      36
      34
      41
      35
      36
      60
      45
      38
      51
      44
      42
      44
      39
      32
      40
      39
      45
      47
      31
      50
      36
      25
      44
      44
      41
      42
      39
      38
      40
      18
       1
       0
       0
       0
       0
       0
       0
       0
       0
       0
       0
       0
       0
       0
       0
       0
       0
       0
       0
       0
       0
       0
       0
       0
       0
       0
       0
       0
       0
       0
       0
       0
       0
       0
       0
       0
       0
       0
       0
       0
       0
       0
       0
       0
       0
       0
       0
       0
       0
       0
       0
       0
       0
       0
       0
       0
       0
       0
       0
       0
       0
       0
       0
       0
       0
       0
       0
       0
       0
       0
       1
       0
       0
       0
       0
      55
     491
      45
      39
      53
      54
      42
      43
      36
      34
      47
      36
      48
      36
      31
      53
      41
      36
      42
      47
      43
      50
      43
      36
      48
      54
      38
      39
      36
      51
      42
      44
      44
      42
      48
      45
      32
      48
      48
      45
      48
      37
      44
      51
      40
      46
      45
      42
      42
      44
      55
      41
      35
      43
      39
      39
      43
      40
      46
      49
      43
      48
      51
      43
      42
      39
      39
      42
      47
      55
      35
      42
      39
      41
      48
      46
      49
      50
      36
      43
      47
      45
      53
      44
      44
      38
      52
      31
      42
      35
      44
      36
      43
      45
      31
      55
      44
      37
      39
      34
      41
      37
      46
      34
      33
      46
      38
      39
      55
      28
      32
      37
      40
      10
       0
       1
       0
       0
       0
       0
       0
       0
       0
       0
       0
       0
       0
       0
       0
       0
       0
       0
       0
       0
       0
       0
       0
       0
       0
       0
       0
       0
       0
       0
       0
       0
       0
       0
       0
       0
       0
       0
       0
       0
       0
       0
       0
       0
       0
       0
       0
       0
       0
       0
       0
       0
       0
       0
       0
       0
       0
       0
       0
       0
       0
       0
       0
       0
       0
       0
       1
       0
       0
       0
       1
       0
       0
       0
       2
     405
     108
      33
      44
      48
      30
      45
      44
      46
      43
      44
      49
      50
      62
      49
      38
      40
      46
      39
      55
      59
      56
      42
      53
      32
      50
      37
      42
      51
      49
      43
      49
      40
      40
      52
      43
      46
      56
      48
      59
      42
      44
      48
      49
      43
      35
      44
      38
      47
      42
      42
      31
      36
      54
      42
      51
      58
      49
      44
      43
      59
      33
      45
      34
      47
      48
      36
      49
      34
      42
      54
      49
      39
      38
      42
      47
      51
      43
      42
      54
      30
      57
      58
      39
      49
      35
      44
      45
      36
      43
      40
      46
      27
      40
      43
      35
      45
      44
      41
      31
      48
      48
      41
      38
      35
      38
      36
      36
      26
      44
      26
      28
       0
       0
       0
       0
       0
       0
       0
       0
       0
       0
       0
       0
       0
       0
       0
       0
       0
       0
       0
       0
       0
       0
       0
       0
       0
       0
       0
       0
       0
       0
       0
       0
       0
       0
       0
       0
       0
       0
       0
       0
       0
       0
       0
       0
       0
       0
       0
       0
       0
       0
       0
       0
       0
       0
       0
       0
       0
       0
       0
       0
       0
       0
       0
       0
       1
       0
       0
       0
       1
       1
       1
       0
       0
       0
       1
      89
     439
      45
      49
      38
      50
      45
      50
      41
      60
      45
      40
      37
      36
      49
      57
      41
      46
      49
      57
      53
      48
      38
      51
      43
      32
      45
      38
      47
      50
      45
      48
      58
      51
      48
      46
      45
      43
      54
      41
      45
      64
      51
      40
      39
      39
      42
      42
      52
      33
      40
      52
      59
      35
      44
      51
      40
      45
      53
      49
      46
      43
      45
      37
      52
      43
      40
      42
      53
      47
      55
      46
      49
      44
      51
      39
      57
      47
      38
      33
      45
      30
      44
      34
      40
      40
      37
      43
      43
      37
      41
      34
      36
      37
      38
      34
      37
      37
      35
      29
      37
      40
      33
      41
      44
      39
      26
      22
      41
      34
      43
      38
      36
       6
       1
       0
       0
       0
       0
       0
       0
       0
       0
       0
       0
       0
       0
       0
       0
       0
       0
       0
       0
       0
       0
       0
       0
       0
       0
       0
       0
       0
       0
       0
       0
       0
       0
       0
       0
       0
       0
       0
       0
       0
       0
       0
       0
       0
       0
       0
       0
       0
       0
       0
       0
       0
       0
       0
       0
       0
       0
       0
       0
       0
       0
       0
       0
       0
       0
       0
       0
       0
       0
       0
       0
       0
       0
       0
      10
     441
     138
      42
      41
      38
      45
      48
      43
      41
      39
      50
      48
      41
      40
      48
      36
      45
      44
      47
      36
      34
      40
      40
      49
      47
      53
      36
      42
      57
      46
      56
      39
      43
      39
      53
      47
      56
      49
      50
      40
      57
      50
      49
      52
      48
      49
      35
      59
      44
      55
      41
      46
      44
      51
      45
      48
      52
      49
      47
      61
      31
      61
      43
      40
      39
      48
      47
      51
      29
      45
      54
      40
      35
      42
      30
      37
      55
      50
      55
      34
      42
      43
      40
      44
      37
      47
      37
      52
      49
      41
      44
      33
      46
      40
      39
      41
      54
      44
      38
      40
      40
      38
      36
      45
      36
      38
      47
      32
      32
      39
      47
      29
       2
       0
       0
       1
       0
       0
       0
       0
       0
       0
       0
       0
       0
       1
       0
       0
       0
       0
       0
       0
       0
       0
       0
       0
       0
       0
       0
       0
       0
       0
       0
       0
       0
       0
       0
       0
       0
       0
       0
       0
       0
       0
       0
       0
       0
       0
       0
       0
       0
       0
       0
       0
       0
       0
       0
       0
       0
       0
       0
       0
       0
       0
       0
       0
       0
       0
       0
       0
       0
       0
       0
       0
       0
       0
       1
     110
     433
      69
      42
      43
      41
      44
      39
      38
      35
      45
      45
      49
      41
      40
      44
      42
      35
      43
      31
      41
      47
      47
      46
      36
      54
      44
      31
      49
      40
      46
      46
      42
      48
      52
      43
      46
      45
      47
      45
      42
      50
      55
      34
      42
      50
      50
      36
      43
      47
      51
      53
      57
      43
      38
      37
      47
      43
      51
      52
      34
      44
      49
      45
      49
      38
      57
      47
      47
      47
      63
      38
      46
      46
      47
      48
      42
      35
      49
      43
      49
      36
      56
      29
      40
      39
      41
      29
      35
      41
      43
      35
      34
      40
      44
      39
      41
      40
      32
      53
      38
      36
      33
      43
      33
      53
      33
      39
      37
      37
      34
      26
      27
       3
       0
       0
       0
       0
       0
       0
       0
       0
       0
       0
       0
       0
       0
       0
       0
       0
       0
       0
       0
       0
       0
       0
       0
       0
       0
       0
       0
       0
       0
       0
       0
       0
       0
       0
       0
       0
       0
$ROI:
2
28 62
1962 1980
$PRESETS:
None
0
0
$ENER_FIT:
0.000000 0.000000
$MCA_CAL:
3
0.000000E+000 0.000000E+000 0.000000E+000 
$SHAPE_CAL:
3
0.000000E+000 0.000000E+000 0.000000E+000
