$SPEC_ID:
Tme calibration 1.9952 +- 1 MHz 125nS pulser pulse length
$SPEC_REM:
DET# 1
DETDESC# CASENSL5 Easy-MCA-2k SN 14163588
AP# Maestro Version 7.01
$DATE_MEA:
03/07/2017 13:41:07
$MEAS_TIM:
1015 1015
$DATA:
0 2047
       0
       0
   13873
    4377
       1
       0
       0
       0
       0
       2
     127
     105
      73
      68
      56
      58
      65
      80
      76
      75
      63
      61
      71
      71
      66
      81
      65
      68
      74
      71
      82
      74
      77
      76
      88
      81
      65
      72
      82
      59
      61
      62
      52
      87
      67
      76
      77
      69
      73
      73
      69
      70
      74
      80
      71
      70
      66
      72
      61
      61
      52
      51
      65
      71
      68
      66
      73
      62
      59
      62
      57
      61
      53
      79
      71
      82
      81
      80
      70
      62
      70
      66
      83
      56
      73
      94
     102
      77
     108
      89
      93
      74
      92
      82
      76
      83
      96
      85
      79
      76
      85
      77
      70
      85
      93
      89
     110
      87
      77
      67
      89
      71
      67
      70
      78
      86
      86
      76
      81
      78
      59
      83
      79
      73
      74
      66
      75
      69
      73
      96
      77
      82
      80
      64
      68
      77
      70
      70
      72
      80
      81
      65
      56
      71
      78
      81
      68
      92
      82
      77
      85
      83
      70
      82
      72
      79
      76
      83
      70
      82
      76
      79
      75
      64
      70
      89
      75
      88
     101
      66
      83
      76
      71
      83
      94
      82
      57
      85
      79
      99
      80
      76
      98
      98
      78
      74
      85
      78
      78
      76
      98
      84
      84
      79
      86
      76
      96
      84
      77
      90
      94
      83
      83
      91
      82
      71
      83
      70
      85
      80
      71
      94
      89
      99
      82
      76
      77
      68
      96
      69
      92
      86
      86
      84
      92
      91
      71
      65
      75
      78
      76
      75
      65
      80
      90
      95
      78
      78
      99
     100
      49
       2
       1
       0
       0
       0
       0
       0
       0
       0
       0
       0
       0
       0
       0
       0
       0
       0
       0
       0
       0
       0
       0
       0
       0
       0
       0
       0
       0
       0
       0
       0
       0
       0
       0
       0
       0
       0
       0
       0
       0
       0
       0
       0
       0
       0
       0
       0
       0
       0
       0
       0
       0
       0
       0
       0
       0
       0
       0
       0
       0
       0
       0
       0
       0
       0
       0
       0
       0
       0
       0
       0
       0
       0
       0
       0
       0
       0
       0
       0
       0
       0
       0
       0
       0
       0
       0
       0
       0
       0
       0
       0
       0
       0
       0
       0
       0
       0
       0
       0
       0
       0
       0
       0
       0
       0
       0
       0
       0
       0
       0
       0
       0
       0
       0
       0
       0
       0
       0
       0
       0
       0
       0
       0
       0
       0
       0
       0
       0
       0
       0
       0
       0
       0
       0
       0
       0
       0
       0
       0
       0
       0
       0
       0
       0
       0
       0
       0
       0
       0
       0
       0
       0
       0
       0
       0
       0
       0
       0
       0
       0
       0
       0
       0
       0
       0
       0
       0
       0
       0
       0
       0
       0
       0
       0
       0
       0
       0
       0
       0
       0
       0
       0
       0
       0
       0
       0
       0
       0
       0
       0
       0
       0
       0
       0
       0
       0
       0
       0
       0
       0
       0
       0
       0
       0
       0
       0
       0
       0
       0
       0
       0
       0
       0
       0
       0
       0
       0
       0
       0
       0
       0
       0
       0
       0
       0
       0
       0
       0
       0
       0
       0
       0
       0
       0
       0
       0
       0
       0
       0
       0
       0
       0
       0
       0
       0
       0
       0
       0
       0
       0
       0
       0
       0
       0
       0
       0
       0
       0
       0
       0
       0
       0
       0
       0
       0
       0
       0
       0
       0
       0
       0
       0
       0
       0
       0
       0
       0
       0
       0
       0
       0
       0
       0
       0
       0
       0
       0
       0
       0
       0
       0
       0
       0
       0
       0
       0
       0
       0
       0
       0
       0
       0
       0
       0
       0
       0
       0
       0
       0
       0
       0
       0
       0
       0
       0
       0
       0
       0
       0
       0
       0
       0
       4
     272
     911
     118
      97
      94
      92
      96
      93
      86
      90
      93
      73
     102
     115
     108
      74
      79
      94
      82
     104
      74
      90
      84
      88
      86
      80
      84
      82
      80
      70
      97
      96
      86
      96
      96
      90
      85
      98
      99
      98
      82
      76
      94
      92
      88
      83
      88
      88
      80
      89
     105
      97
      90
      87
      75
      84
     107
      78
      81
      88
     100
      91
      89
      92
      90
      87
      92
      90
      92
     108
     101
     106
      84
      89
     101
     115
      80
     101
      97
      96
     110
      85
      87
      84
      87
      81
      78
      83
      66
      84
      81
      85
      77
      83
      88
      78
     109
      96
      86
      82
      83
      83
      74
      80
      79
      81
      87
     101
      83
      83
      89
      65
      70
      76
      96
      87
     100
      82
      87
      77
      88
      79
      86
      75
      95
      93
      89
      69
      77
      72
      79
      86
      87
      90
      65
      80
      86
      75
      81
      84
      78
     105
      87
      86
      72
      78
      85
      91
      82
      73
      62
      76
      98
     109
      87
      72
      74
      83
      64
      85
      81
     103
      80
      92
      90
      82
      86
      88
      84
      73
      96
      85
      82
      91
      90
      69
      87
      83
      87
      75
      80
      98
      88
      76
      90
      93
      85
      95
      68
      89
      69
      85
      75
      85
      72
      92
      99
      86
      80
      75
      76
      84
      78
      86
      93
      96
      94
      93
      88
      84
     101
      89
      74
      69
      84
      78
      75
      83
      90
      84
      86
      74
      83
      85
      64
      86
     104
      91
      81
      83
      90
      85
      74
      65
      15
       0
       0
       0
       0
       0
       0
       0
       0
       0
       0
       0
       0
       0
       0
       0
       0
       0
       0
       0
       0
       0
       0
       0
       0
       0
       0
       0
       0
       0
       0
       0
       0
       0
       0
       0
       0
       0
       0
       0
       0
       0
       0
       0
       0
       0
       0
       0
       0
       0
       0
       0
       0
       0
       0
       0
       0
       0
       0
       0
       0
       0
       0
       0
       0
       0
       0
       0
       0
       0
       0
       0
       0
       0
       0
       0
       0
       0
       0
       0
       0
       0
       0
       0
       0
       0
       0
       0
       0
       0
       0
       0
       0
       0
       0
       0
       0
       0
       0
       0
       0
       0
       0
       0
       0
       0
       0
       0
       0
       0
       0
       0
       0
       0
       0
       0
       0
       0
       0
       0
       0
       0
       0
       0
       0
       0
       0
       0
       0
       0
       0
       0
       0
       0
       0
       0
       0
       0
       0
       0
       0
       0
       0
       0
       0
       0
       0
       0
       0
       0
       0
       0
       0
       0
       0
       0
       0
       0
       0
       0
       0
       0
       0
       0
       0
       0
       0
       0
       0
       0
       0
       0
       0
       0
       0
       0
       0
       0
       0
       0
       0
       0
       0
       0
       0
       0
       0
       0
       0
       0
       0
       0
       0
       0
       0
       0
       0
       0
       0
       0
       0
       0
       0
       0
       0
       0
       0
       0
       0
       0
       0
       0
       0
       0
       0
       0
       0
       0
       0
       0
       0
       0
       0
       0
       0
       0
       0
       0
       0
       0
       0
       0
       0
       0
       0
       0
       0
       0
       0
       0
       0
       0
       0
       0
       0
       0
       0
       0
       0
       0
       0
       0
       0
       0
       0
       0
       0
       0
       0
       0
       0
       0
       0
       0
       0
       0
       0
       0
       0
       0
       0
       0
       0
       0
       0
       0
       0
       0
       0
       0
       0
       0
       0
       0
       0
       0
       0
       0
       0
       0
       0
       0
       0
       0
       0
       0
       0
       0
       0
       0
       0
       0
       0
       0
       0
       0
       0
       0
       0
       0
       0
       0
       0
       0
       0
       0
       0
       0
       0
       0
       0
       0
       0
     108
     771
     321
     143
      80
      86
      74
     101
      89
      92
      89
      88
      78
      73
      85
      73
      88
      69
      78
      98
      83
      92
     105
      84
      78
      89
      91
     111
      95
      82
      86
      86
      77
      92
      73
      94
      95
      94
      88
      91
      86
      86
      81
      93
      92
      82
      97
      85
     115
     104
      78
      85
      82
      98
      94
      92
      93
      92
      74
      95
      80
     101
      78
      85
      80
      94
     100
     107
      76
      75
      77
      90
      90
      98
      88
      75
      87
      81
      93
      81
      91
      84
      73
      85
      85
      77
      79
      92
      75
      95
      77
      90
      79
     101
      85
     100
      76
      69
      87
      78
      91
      91
      86
      89
      81
      78
      87
      82
      75
      68
      81
      84
      62
      82
      88
      86
      77
      84
      66
      74
      86
      88
      74
      88
      80
      79
      78
      94
      82
      91
      74
      70
      66
      64
      77
      98
      93
      71
      78
      73
      88
      81
      78
      89
      86
      77
      66
      86
      74
      82
      77
      74
      82
      89
      70
      77
      66
      70
      70
     108
      86
      70
      87
      75
      73
      86
      83
      97
      72
      70
      76
      87
      90
      80
      84
      83
      80
      87
      65
      92
      80
      76
      94
     120
      91
      82
      87
      72
      75
     108
      88
      84
      92
      73
      92
      82
      86
      93
      78
      87
     104
      84
      87
      84
      82
      80
      62
     101
      93
      76
     111
      79
      67
      73
      99
      77
      80
      94
      70
      83
      89
      95
      82
      88
      87
      96
     103
      99
      84
     101
      77
      91
      94
      98
      81
      42
      19
       2
       0
       1
       0
       1
       0
       0
       0
       0
       0
       0
       0
       0
       0
       0
       0
       0
       0
       0
       0
       0
       0
       0
       0
       0
       0
       0
       0
       0
       0
       0
       0
       0
       0
       0
       0
       0
       0
       0
       0
       0
       0
       0
       0
       0
       0
       0
       0
       0
       0
       0
       0
       0
       0
       0
       0
       0
       0
       0
       0
       0
       0
       0
       0
       0
       0
       0
       0
       0
       0
       0
       0
       0
       0
       0
       0
       0
       0
       0
       0
       0
       0
       0
       0
       0
       0
       0
       0
       0
       0
       0
       0
       0
       0
       0
       0
       0
       0
       0
       0
       0
       0
       0
       0
       0
       0
       0
       0
       0
       0
       0
       0
       0
       0
       0
       0
       0
       0
       0
       0
       0
       0
       0
       0
       0
       0
       0
       0
       0
       0
       0
       0
       0
       0
       0
       0
       0
       0
       0
       0
       0
       0
       0
       0
       0
       0
       0
       0
       0
       0
       0
       0
       0
       0
       0
       0
       0
       0
       0
       0
       0
       0
       0
       0
       0
       0
       0
       0
       0
       0
       0
       0
       0
       0
       0
       0
       0
       0
       0
       0
       0
       0
       0
       0
       0
       0
       0
       0
       0
       0
       0
       0
       0
       0
       0
       0
       0
       0
       0
       0
       0
       0
       0
       0
       0
       0
       0
       0
       0
       0
       0
       0
       0
       0
       0
       0
       0
       0
       0
       0
       0
       0
       0
       0
       0
       0
       0
       0
       0
       0
       0
       0
       0
       0
       0
       0
       0
       0
       0
       0
       0
       0
       0
       0
       0
       0
       0
       0
       0
       0
       0
       0
       0
       0
       0
       0
       0
       0
       0
       0
       0
       0
       0
       0
       0
       0
       0
       0
       0
       0
       0
       0
       0
       0
       0
       0
       0
       0
       0
       0
       0
       0
       0
       0
       0
       0
       0
       0
       0
       0
       0
       0
       0
       0
       0
       0
       0
       0
       0
       0
       0
       0
       0
       0
       0
       0
       0
       0
       0
       0
       0
       0
       0
       0
       0
       0
       0
       0
       0
       0
       0
      71
     538
     341
     234
     163
      95
      98
      84
     100
      98
      76
      90
      83
      84
      89
      82
      85
      81
      71
      86
     100
      84
      88
      95
      86
     101
      89
      81
      98
      95
      87
      95
     108
      85
     102
     100
      97
      86
      82
      74
      77
      91
      78
      87
      73
      89
      75
     109
      76
      97
      97
      76
      80
      84
     101
      86
      87
      93
      84
      88
      90
      81
      78
      91
      79
      88
      84
      87
      84
      88
      85
      86
      81
      87
      79
      94
      81
      83
      97
      93
      84
      81
      95
      85
      86
      99
      83
      93
     100
      75
      72
      89
     104
      81
      91
      68
      82
      73
      81
      86
      82
      70
      73
      75
      74
      90
      79
      82
      73
      76
      76
      74
      61
      85
      77
      90
      79
      73
      82
      79
      73
      67
      85
      78
      77
      83
      80
      76
      67
      79
      84
      75
      83
      75
      82
      71
      84
      95
      84
      83
      87
      76
      92
      86
      98
      83
     105
      94
      82
      88
      77
      75
      78
      90
      80
      74
      89
      78
      73
      73
      89
      81
      88
      83
      92
     104
      77
      77
      93
      89
      83
      77
      94
      98
     100
      77
      84
      82
      79
      78
      74
      81
      65
      88
      80
      76
      67
      88
      78
      94
      91
      86
      93
      91
      90
      88
      86
      85
      82
      96
      77
      87
      93
      93
      95
      82
      83
      97
      83
      78
      90
      83
      89
      85
      87
      82
     102
      91
      66
      97
      89
      79
      93
      79
      84
      83
      97
     106
      74
      72
      74
      77
      93
      75
      58
      39
      23
       7
       0
       0
       1
       1
       0
       0
       0
       0
       0
       0
       0
       0
       0
       0
       0
       0
       0
       0
       0
       0
       0
       0
       0
       0
       0
       0
       0
       0
       0
       0
       0
       0
       0
       0
       0
       0
       0
       0
       0
       0
       0
       0
       0
       0
       0
       0
       0
       0
       0
       0
       0
       0
       0
       0
       0
       0
       0
       0
       0
       0
       0
       0
       0
       0
       0
       0
       0
       0
       0
       0
       0
       0
       0
       0
       0
       0
       0
       0
       0
       0
       0
       0
       0
       0
       0
       0
       0
       0
       0
       0
       0
       0
       0
       0
       0
       0
       0
       0
       0
       0
       0
       0
       0
       0
       0
       0
       0
       0
       0
       0
       0
       0
       0
       0
       0
       0
       0
       0
       0
       0
       0
       0
       0
       0
       0
       0
       0
       0
       0
       0
       0
$ROI:
2
28 62
1962 1980
$PRESETS:
None
0
0
$ENER_FIT:
0.000000 0.000000
$MCA_CAL:
3
0.000000E+000 0.000000E+000 0.000000E+000 
$SHAPE_CAL:
3
0.000000E+000 0.000000E+000 0.000000E+000
