4.68477	0.28650
4.70793	0.28650
4.73235	0.28652
4.75537	0.28651
4.77929	0.28652
4.80230	0.28651
4.82396	0.28651
4.84779	0.28653
4.87211	0.28651
4.89460	0.28651
4.91871	0.28651
4.94306	0.28651
4.96538	0.28651
4.98919	0.28651
5.01328	0.28651
5.03615	0.28650
5.06038	0.28649
5.08444	0.28649
5.10686	0.28647
5.13127	0.28647
5.15506	0.28644
5.17817	0.28639
5.20188	0.28630
5.22529	0.28616
5.24838	0.28597
5.27268	0.28572
5.29587	0.28544
5.31899	0.28512
5.34340	0.28481
5.36681	0.28451
5.38980	0.28425
5.41307	0.28408
5.43650	0.28393
5.45989	0.28390
5.48417	0.28395
5.50691	0.28412
5.53070	0.28432
5.55481	0.28459
5.57809	0.28486
5.60137	0.28516
5.62531	0.28545
5.64809	0.28569
5.67216	0.28592
5.69599	0.28608
5.71859	0.28620
5.74303	0.28629
5.76710	0.28635
5.78958	0.28639
5.81179	0.28642
5.83579	0.28644
5.85846	0.28645
5.88274	0.28645
5.90640	0.28646
5.92930	0.28646
5.95350	0.28646
5.97754	0.28647
5.99994	0.28648
6.02152	0.28647
6.04507	0.28646
6.06816	0.28647
6.09227	0.28648
6.11559	0.28647
6.13912	0.28648
6.16331	0.28648
6.18645	0.28648
6.20931	0.28649
6.23372	0.28650
6.25673	0.28651
6.28056	0.28650
6.30418	0.28651
6.32732	0.28652
6.35107	0.28652
6.37540	0.28653
6.39791	0.28653
6.42083	0.28654
6.44527	0.28653
6.46787	0.28654
6.49187	0.28653
6.51606	0.28653
6.53881	0.28652
6.56298	0.28652
6.58711	0.28652
6.60909	0.28651
6.63339	0.28652
6.65729	0.28653
6.68024	0.28653
6.70408	0.28652
6.72791	0.28651
6.75093	0.28652
6.77520	0.28654
6.79851	0.28654
6.81945	0.28655
6.84390	0.28655
6.86736	0.28654
6.89026	0.28654
6.91452	0.28653
6.93814	0.28653
6.96144	0.28654
6.98587	0.28654
7.00873	0.28654
7.03208	0.28653
7.05628	0.28653
7.07950	0.28653
7.10287	0.28654
7.12705	0.28652
7.14998	0.28653
7.17410	0.28652
7.19795	0.28652
7.22013	0.28652
7.24449	0.28652
7.26857	0.28651
7.29100	0.28651
7.31502	0.28653
7.33948	0.28653
7.36202	0.28654
7.38622	0.28654
7.40950	0.28653
7.43176	0.28650
7.45600	0.28651
7.48004	0.28651
7.50266	0.28652
7.52684	0.28652
7.55062	0.28652
7.57372	0.28652
7.59776	0.28653
7.62070	0.28653
7.64413	0.28653
7.66840	0.28652
7.69161	0.28652
7.71456	0.28652
7.73930	0.28651
7.76228	0.28650
7.78600	0.28651
7.80905	0.28652
7.83080	0.28651
7.85450	0.28649
7.87883	0.28649
7.90142	0.28649
7.92542	0.28650
7.94987	0.28650
7.97244	0.28652
7.99638	0.28651
8.01290	0.28650
8.03538	0.28650
8.05950	0.28651
8.08367	0.28650
8.10597	0.28651
8.13044	0.28650
8.15438	0.28651
8.17735	0.28651
8.20095	0.28651
8.22464	0.28653
8.24760	0.28652
8.27194	0.28651
8.29526	0.28651
8.31827	0.28651
8.34261	0.28651
8.36621	0.28650
8.38916	0.28651
8.41245	0.28650
8.43596	0.28649
8.45931	0.28649
8.48360	0.28649
8.50642	0.28649
8.53006	0.28652
8.55434	0.28651
8.57764	0.28652
8.60080	0.28653
8.62476	0.28651
8.64773	0.28651
8.67164	0.28650
8.69567	0.28651
8.71826	0.28651
8.74252	0.28651
8.76673	0.28651
8.78916	0.28651
8.81155	0.28651
8.83549	0.28651
8.85807	0.28651
8.88238	0.28652
8.90623	0.28652
8.92896	0.28652
8.95322	0.28651
8.97739	0.28651
8.99993	0.28650
9.02404	0.28651
9.04774	0.28649
9.07084	0.28650
9.09481	0.28651
9.11827	0.28651
9.14167	0.28651
9.16590	0.28650
9.18923	0.28652
9.21199	0.28653
9.23638	0.28653
9.25947	0.28653
9.28303	0.28653
9.30695	0.28653
9.33010	0.28653
9.35379	0.28653
9.37814	0.28652
9.40079	0.28652
9.42355	0.28652
9.44800	0.28652
9.47076	0.28653
9.49461	0.28654
9.51873	0.28653
9.54162	0.28653
9.56571	0.28652
9.58998	0.28652
9.61189	0.28653
9.63618	0.28653
9.66028	0.28653
9.68316	0.28654
9.70686	0.28653
9.73096	0.28653
9.75372	0.28653
9.77821	0.28654
9.80159	0.28654
9.82252	0.28654
9.84687	0.28653
9.87054	0.28653
9.89341	0.28653
9.91760	0.28653
9.94130	0.28653
9.96450	0.28653
9.98896	0.28653
10.01065	0.28653
9.99834	0.28652
9.97417	0.28653
9.95114	0.28653
9.92735	0.28653
9.90309	0.28653
9.88049	0.28653
9.85648	0.28652
9.83224	0.28653
9.81050	0.28652
9.78783	0.28653
9.76348	0.28652
9.74093	0.28653
9.71653	0.28653
9.69257	0.28653
9.67006	0.28654
9.64600	0.28653
9.62151	0.28654
9.59937	0.28654
9.57541	0.28653
9.55133	0.28653
9.52860	0.28653
9.50426	0.28654
9.48078	0.28654
9.45756	0.28653
9.43338	0.28652
9.41001	0.28652
9.38786	0.28652
9.36352	0.28652
9.34008	0.28652
9.31667	0.28653
9.29258	0.28654
9.26947	0.28654
9.24616	0.28653
9.22164	0.28654
9.19892	0.28654
9.17565	0.28654
9.15139	0.28655
9.12834	0.28654
9.10450	0.28653
9.08059	0.28652
9.05764	0.28652
9.03374	0.28653
9.00974	0.28652
8.98726	0.28654
8.96303	0.28654
8.93894	0.28653
8.91612	0.28654
8.89184	0.28654
8.86796	0.28654
8.84524	0.28654
8.82095	0.28653
8.79901	0.28654
8.77646	0.28654
8.75214	0.28653
8.72829	0.28653
8.70540	0.28654
8.68150	0.28653
8.65764	0.28652
8.63464	0.28654
8.61032	0.28653
8.58733	0.28654
8.56435	0.28653
8.54000	0.28653
8.51643	0.28652
8.49310	0.28652
8.46899	0.28653
8.44586	0.28652
8.42224	0.28652
8.39889	0.28653
8.37630	0.28651
8.35241	0.28651
8.32815	0.28653
8.30522	0.28651
8.28166	0.28652
8.25739	0.28652
8.23477	0.28653
8.21048	0.28651
8.18687	0.28651
8.16447	0.28652
8.14033	0.28651
8.11578	0.28651
8.09329	0.28652
8.06939	0.28651
8.04518	0.28651
8.02252	0.28650
8.00481	0.28650
7.98259	0.28651
7.95956	0.28650
7.93533	0.28651
7.91145	0.28650
7.88864	0.28651
7.86447	0.28651
7.84093	0.28651
7.81770	0.28651
7.79549	0.28651
7.77236	0.28650
7.74910	0.28651
7.72461	0.28651
7.70139	0.28651
7.67832	0.28651
7.65391	0.28651
7.63089	0.28650
7.60744	0.28651
7.58366	0.28651
7.56059	0.28650
7.53676	0.28652
7.51228	0.28651
7.48993	0.28652
7.46592	0.28652
7.44177	0.28651
7.41892	0.28651
7.39578	0.28651
7.37176	0.28651
7.34932	0.28652
7.32498	0.28651
7.30081	0.28651
7.27857	0.28651
7.25424	0.28651
7.23020	0.28651
7.20762	0.28650
7.18399	0.28651
7.16003	0.28651
7.13706	0.28651
7.11274	0.28652
7.08933	0.28651
7.06640	0.28649
7.04206	0.28652
7.01876	0.28652
6.99552	0.28650
6.97136	0.28651
6.94814	0.28651
6.92455	0.28650
6.90021	0.28651
6.87753	0.28651
6.85364	0.28652
6.82954	0.28651
6.80754	0.28652
6.78514	0.28651
6.76077	0.28651
6.73805	0.28652
6.71390	0.28651
6.68991	0.28651
6.66751	0.28651
6.64336	0.28650
6.61890	0.28650
6.59677	0.28651
6.57297	0.28651
6.54859	0.28650
6.52608	0.28650
6.50176	0.28650
6.47806	0.28650
6.45509	0.28650
6.43087	0.28648
6.40745	0.28647
6.38528	0.28647
6.36110	0.28647
6.33754	0.28648
6.31425	0.28647
6.29010	0.28647
6.26691	0.28645
6.24374	0.28646
6.21935	0.28646
6.19645	0.28645
6.17347	0.28646
6.14893	0.28647
6.12584	0.28647
6.10222	0.28648
6.07828	0.28647
6.05510	0.28649
6.03152	0.28648
6.00836	0.28649
5.98745	0.28649
5.96352	0.28649
5.93949	0.28649
5.91646	0.28650
5.89237	0.28648
5.86841	0.28648
5.84579	0.28648
5.82154	0.28644
5.79951	0.28642
5.77715	0.28636
5.75288	0.28630
5.72877	0.28620
5.70605	0.28605
5.68219	0.28590
5.65813	0.28567
5.63531	0.28544
5.61102	0.28513
5.58792	0.28488
5.56498	0.28457
5.54078	0.28432
5.51705	0.28410
5.49393	0.28397
5.46979	0.28391
5.44653	0.28395
5.42316	0.28408
5.39958	0.28428
5.37695	0.28453
5.35322	0.28481
5.32909	0.28516
5.30588	0.28544
5.28256	0.28576
5.25830	0.28598
5.23548	0.28618
5.21136	0.28630
5.18776	0.28639
5.16527	0.28644
5.14119	0.28646
5.11680	0.28647
5.09420	0.28648
5.07040	0.28649
5.04599	0.28650
5.02351	0.28650
4.99946	0.28650
4.97579	0.28651
4.95284	0.28651
4.92859	0.28651
4.90452	0.28650
4.88198	0.28651
4.85778	0.28651
4.83406	0.28651
4.81094	0.28651
4.78887	0.28652
4.76550	0.28651
4.74247	0.28652
4.71795	0.28652
4.69456	0.28652
4.67167	0.28652
4.64718	0.28651
4.62402	0.28652
4.60080	0.28652
4.57698	0.28652
4.55376	0.28652
4.53019	0.28652
4.50586	0.28652
4.48310	0.28652
4.45934	0.28651
4.43515	0.28651
4.41211	0.28651
4.38918	0.28651
4.36540	0.28651
4.34265	0.28651
4.31840	0.28651
4.29423	0.28652
4.27209	0.28651
4.24755	0.28652
4.22345	0.28652
4.20111	0.28652
4.17745	0.28652
4.15332	0.28652
4.13055	0.28652
4.10614	0.28651
4.08259	0.28651
4.05976	0.28652
4.03553	0.28652
4.01192	0.28651
3.99209	0.28651
3.96811	0.28652
3.94458	0.28651
3.92122	0.28652
3.89683	0.28653
3.87395	0.28652
3.85027	0.28653
3.82603	0.28652
3.80397	0.28652
3.78182	0.28651
3.75749	0.28652
3.73455	0.28652
3.71056	0.28651
3.68652	0.28651
3.66396	0.28651
3.63998	0.28650
3.61557	0.28650
3.59344	0.28648
3.56965	0.28648
3.54539	0.28650
3.52272	0.28650
3.49839	0.28650
3.47463	0.28650
3.45181	0.28650
3.42766	0.28650
3.40393	0.28651
3.38209	0.28649
3.35781	0.28650
3.33408	0.28651
3.31095	0.28652
3.28690	0.28653
3.26344	0.28652
3.24044	0.28652
3.21604	0.28653
3.19303	0.28653
3.17013	0.28652
3.14573	0.28652
3.12243	0.28651
3.09899	0.28651
3.07501	0.28652
3.05173	0.28650
3.02827	0.28651
3.00432	0.28651
2.98144	0.28651
2.95770	0.28651
2.93354	0.28650
2.91043	0.28651
2.88646	0.28651
2.86261	0.28650
2.83989	0.28651
2.81567	0.28651
2.79365	0.28650
2.77151	0.28651
2.74708	0.28650
2.72282	0.28651
2.70031	0.28651
2.67641	0.28650
2.65216	0.28651
2.62955	0.28650
2.60525	0.28650
2.58195	0.28651
2.55929	0.28650
2.53496	0.28650
2.51108	0.28650
2.48801	0.28650
2.46424	0.28651
2.44055	0.28651
2.41733	0.28651
2.39382	0.28650
2.37105	0.28651
2.34750	0.28650
2.32331	0.28650
2.29999	0.28650
2.27688	0.28651
2.25257	0.28650
2.22963	0.28650
2.20577	0.28650
2.18213	0.28650
2.15942	0.28650
2.13553	0.28650
2.11113	0.28650
2.08837	0.28650
2.06474	0.28650
2.04041	0.28651
2.01788	0.28650
1.99620	0.28650
1.97310	0.28650
1.95024	0.28649
1.92600	0.28649
1.90174	0.28648
1.87936	0.28648
1.85515	0.28649
1.83132	0.28649
1.80828	0.28648
1.78638	0.28648
1.76278	0.28649
1.73976	0.28649
1.71545	0.28649
1.69186	0.28649
1.66921	0.28649
1.64463	0.28650
1.62147	0.28650
1.59863	0.28650
1.57477	0.28649
1.55128	0.28649
1.52810	0.28650
1.50350	0.28649
1.48061	0.28650
1.45719	0.28650
1.43302	0.28650
1.40965	0.28651
1.38716	0.28650
1.36324	0.28650
1.34021	0.28650
1.31636	0.28650
1.29217	0.28651
1.26978	0.28651
1.24558	0.28651
1.22135	0.28651
1.19898	0.28650
1.17534	0.28650
1.15118	0.28651
1.12864	0.28649
1.10411	0.28649
1.08016	0.28650
1.05774	0.28649
1.03357	0.28651
1.00958	0.28651
0.98689	0.28650
0.96305	0.28650
0.93915	0.28651
0.91612	0.28650
0.89188	0.28651
0.86862	0.28651
0.84530	0.28650
0.82105	0.28651
0.79847	0.28651
0.77685	0.28651
0.75241	0.28650
0.72923	0.28650
0.70558	0.28650
0.68146	0.28650
0.65856	0.28650
0.63502	0.28650
0.61066	0.28649
0.58809	0.28651
0.56469	0.28649
0.54035	0.28649
0.51748	0.28649
0.49340	0.28651
0.46972	0.28650
0.44674	0.28651
0.42270	0.28650
0.39874	0.28650
0.37708	0.28651
0.35297	0.28650
0.32878	0.28649
0.30591	0.28650
0.28194	0.28650
0.25813	0.28649
0.23548	0.28649
0.21109	0.28651
0.18775	0.28650
0.16514	0.28650
0.14081	0.28650
0.11712	0.28650
0.09396	0.28651
0.07017	0.28651
0.04649	0.28650
0.02336	0.28649
0.00229	0.28650
0.01556	0.28651
0.03860	0.28651
0.06291	0.28650
0.08615	0.28650
0.10917	0.28650
0.13380	0.28649
0.15711	0.28649
0.18011	0.28649
0.20384	0.28650
0.22730	0.28650
0.25065	0.28650
0.27505	0.28649
0.29764	0.28649
0.32145	0.28650
0.34557	0.28650
0.36877	0.28650
0.39200	0.28649
0.41542	0.28650
0.43822	0.28648
0.46240	0.28649
0.48615	0.28648
0.50875	0.28648
0.53319	0.28648
0.55740	0.28649
0.57979	0.28649
0.60331	0.28649
0.62772	0.28649
0.65027	0.28648
0.67454	0.28650
0.69819	0.28649
0.72095	0.28649
0.74521	0.28649
0.76917	0.28648
0.79164	0.28649
0.81386	0.28648
0.83757	0.28650
0.86069	0.28648
0.88461	0.28648
0.90807	0.28648
0.93165	0.28649
0.95588	0.28649
0.97908	0.28649
1.00218	0.28648
1.02632	0.28649
1.04941	0.28649
1.07311	0.28649
1.09694	0.28649
1.12003	0.28649
1.14375	0.28649
1.16817	0.28649
1.19060	0.28648
1.21410	0.28649
1.23846	0.28649
1.26103	0.28649
1.28500	0.28651
1.30901	0.28650
1.33186	0.28650
1.35601	0.28650
1.38017	0.28650
1.40175	0.28650
1.42571	0.28651
1.44971	0.28651
1.47224	0.28651
1.49601	0.28650
1.52025	0.28650
1.54296	0.28650
1.56730	0.28650
1.59079	0.28649
1.61323	0.28650
1.63770	0.28650
1.66127	0.28650
1.68421	0.28651
1.70825	0.28651
1.73196	0.28652
1.75506	0.28651
1.77942	0.28652
1.80124	0.28652
1.82373	0.28651
1.84795	0.28651
1.87133	0.28651
1.89445	0.28650
1.91876	0.28650
1.94187	0.28649
1.96561	0.28650
1.98970	0.28649
2.00945	0.28649
2.03326	0.28649
2.05756	0.28649
2.07998	0.28649
2.10389	0.28650
2.12835	0.28649
2.15083	0.28649
2.17514	0.28649
2.19877	0.28649
2.22119	0.28648
2.24529	0.28649
2.26960	0.28648
2.29198	0.28648
2.31605	0.28649
2.34010	0.28649
2.36300	0.28650
2.38687	0.28649
2.40954	0.28649
2.43285	0.28649
2.45694	0.28649
2.48043	0.28649
2.50333	0.28649
2.52791	0.28649
2.55112	0.28648
2.57456	0.28648
2.59847	0.28649
2.62132	0.28648
2.64490	0.28650
2.66928	0.28649
2.69192	0.28647
2.71564	0.28649
2.73990	0.28648
2.76285	0.28648
2.78657	0.28648
2.80838	0.28648
2.83138	0.28648
2.85539	0.28648
2.87964	0.28648
2.90195	0.28648
2.92622	0.28648
2.95045	0.28648
2.97332	0.28648
2.99704	0.28648
3.02092	0.28648
3.04358	0.28648
3.06793	0.28648
3.09151	0.28649
3.11433	0.28649
3.13880	0.28648
3.16248	0.28649
3.18533	0.28650
3.20891	0.28648
3.23266	0.28650
3.25574	0.28649
3.28007	0.28649
3.30312	0.28649
3.32643	0.28648
3.35079	0.28649
3.37416	0.28649
3.39699	0.28648
3.42052	0.28649
3.44371	0.28650
3.46733	0.28650
3.49124	0.28651
3.51420	0.28652
3.53821	0.28652
3.56234	0.28652
3.58504	0.28652
3.60842	0.28653
3.63285	0.28650
3.65529	0.28650
3.67964	0.28652
3.70339	0.28652
3.72612	0.28654
3.75032	0.28652
3.77459	0.28653
3.79676	0.28653
3.81891	0.28652
3.84301	0.28651
3.86594	0.28651
3.88971	0.28652
3.91357	0.28650
3.93679	0.28651
3.96107	0.28650
3.98454	0.28651
4.00536	0.28650
4.02855	0.28650
4.05184	0.28650
4.07518	0.28649
4.09918	0.28650
4.12248	0.28650
4.14591	0.28651
