Settings:

*All amplitudes are -40 dB


   Run   |   Freq. Center [kHz]  |   Freq. Step [Hz]  |   Coil V [V]  |   Coil Current [mA]
----------------------------------------------------------------------------------------------
    1    |          300          |         50         |     0.00      |        -0.00
----------------------------------------------------------------------------------------------
    2    |          360          |         50         |     0.22      |        -20.0
----------------------------------------------------------------------------------------------
    3    |          420          |         50         |     0.42      |        -40.1
----------------------------------------------------------------------------------------------
    4    |          480          |         50         |     0.63      |        -60.1
----------------------------------------------------------------------------------------------
    5    |          540          |         50         |     0.84      |        -79.8
----------------------------------------------------------------------------------------------
    6    |          590          |         50         |     1.05      |        -100.0
----------------------------------------------------------------------------------------------
    7    |          650          |         50         |     1.25      |        -119.7
----------------------------------------------------------------------------------------------
    8    |          710          |         50         |     1.46      |        -140.0
----------------------------------------------------------------------------------------------
    9    |          770          |         50         |     1.67      |        -160.3
----------------------------------------------------------------------------------------------
    10   |          820          |         50         |     1.88      |        -180.5
----------------------------------------------------------------------------------------------
    11   |          880          |         50         |     2.08      |        -200.1
----------------------------------------------------------------------------------------------
    12   |          940          |         50         |     2.29      |        -220.2
----------------------------------------------------------------------------------------------
    13   |          1000         |         50         |     2.50      |        -240.2
----------------------------------------------------------------------------------------------
    14   |          1050         |         50         |     2.71      |        -260.5
----------------------------------------------------------------------------------------------
    15   |          1100         |         50         |     2.91      |        -279.7
----------------------------------------------------------------------------------------------
    16   |          1160         |         50         |     3.12      |        -299.9
----------------------------------------------------------------------------------------------
    17   |          1230         |         50         |     3.33      |        -320.0
----------------------------------------------------------------------------------------------
    18   |          1280         |         50         |     3.53      |        -340.2
----------------------------------------------------------------------------------------------
    19   |          1340         |         50         |     3.74      |        -359.7
----------------------------------------------------------------------------------------------
    20   |          1390         |         50         |     3.95      |        -380.2
----------------------------------------------------------------------------------------------





 
