6.34621	0.28617
6.36935	0.28624
6.39270	0.28628
6.41580	0.28632
6.43907	0.28638
6.46268	0.28643
6.48697	0.28647
6.50958	0.28653
6.53359	0.28657
6.55782	0.28662
6.58070	0.28667
6.60417	0.28673
6.62833	0.28677
6.65077	0.28680
6.67515	0.28686
6.69902	0.28690
6.72157	0.28695
6.74595	0.28699
6.77002	0.28703
6.79256	0.28708
6.81479	0.28712
6.83857	0.28718
6.86146	0.28718
6.88564	0.28721
6.90911	0.28726
6.93235	0.28728
6.95657	0.28732
6.98030	0.28736
7.00304	0.28739
7.02728	0.28743
7.05066	0.28746
7.07396	0.28749
7.09805	0.28751
7.12119	0.28753
7.14491	0.28755
7.16908	0.28759
7.19206	0.28762
7.21519	0.28764
7.23949	0.28766
7.26234	0.28771
7.28589	0.28773
7.30975	0.28775
7.33281	0.28778
7.35662	0.28779
7.38092	0.28780
7.40337	0.28781
7.42647	0.28780
7.45082	0.28788
7.47337	0.28797
7.49734	0.28794
7.52150	0.28795
7.54436	0.28795
7.56845	0.28797
7.59255	0.28799
7.61460	0.28800
7.63888	0.28802
7.66278	0.28802
7.68575	0.28806
7.70957	0.28810
7.73342	0.28809
7.75655	0.28812
7.78086	0.28814
7.80407	0.28814
7.82509	0.28815
7.84949	0.28816
7.87293	0.28817
7.89597	0.28819
7.92026	0.28821
7.94376	0.28823
7.96709	0.28824
7.99146	0.28825
8.01017	0.28826
8.02994	0.28828
8.05423	0.28829
8.07731	0.28831
8.10082	0.28830
8.12509	0.28833
8.14791	0.28834
8.17206	0.28834
8.19581	0.28835
8.21805	0.28837
8.24252	0.28836
8.26665	0.28838
8.28916	0.28839
8.31300	0.28841
8.33746	0.28842
8.36002	0.28842
8.38430	0.28844
8.40756	0.28844
8.42991	0.28846
8.45408	0.28848
8.47818	0.28847
8.50076	0.28849
8.52505	0.28850
8.54877	0.28850
8.57186	0.28851
8.59595	0.28852
8.61886	0.28852
8.64231	0.28853
8.66662	0.28854
8.68986	0.28855
8.71310	0.28855
8.73752	0.28855
8.76054	0.28855
8.78439	0.28856
8.80736	0.28857
8.82917	0.28858
8.85296	0.28858
8.87738	0.28860
8.89991	0.28860
8.92390	0.28860
8.94831	0.28860
8.97096	0.28860
8.99495	0.28860
9.01905	0.28862
9.04158	0.28863
9.06576	0.28864
9.08998	0.28866
9.11228	0.28866
9.13674	0.28865
9.16062	0.28864
9.18364	0.28864
9.20734	0.28867
9.23094	0.28867
9.25401	0.28868
9.27824	0.28870
9.30157	0.28869
9.32461	0.28869
9.34907	0.28869
9.37256	0.28869
9.39549	0.28872
9.41884	0.28871
9.44229	0.28872
9.46566	0.28873
9.49005	0.28871
9.51281	0.28870
9.53650	0.28872
9.56073	0.28872
9.58400	0.28872
9.60727	0.28871
9.63117	0.28873
9.65417	0.28872
9.67819	0.28872
9.70201	0.28872
9.72468	0.28873
9.74899	0.28873
9.77323	0.28874
9.79530	0.28876
9.81805	0.28875
9.84206	0.28876
9.86467	0.28876
9.88890	0.28875
9.91272	0.28876
9.93556	0.28875
9.95983	0.28876
9.98386	0.28876
10.00628	0.28876
10.00773	0.28877
9.98479	0.28876
9.96150	0.28876
9.93727	0.28876
9.91364	0.28875
9.89066	0.28875
9.86636	0.28874
9.84302	0.28874
9.81957	0.28875
9.79727	0.28875
9.77440	0.28873
9.75089	0.28872
9.72642	0.28874
9.70335	0.28872
9.68003	0.28871
9.65563	0.28869
9.63277	0.28870
9.60909	0.28870
9.58539	0.28871
9.56243	0.28870
9.53846	0.28869
9.51395	0.28871
9.49169	0.28869
9.46744	0.28868
9.44331	0.28869
9.42040	0.28868
9.39731	0.28867
9.37348	0.28867
9.35078	0.28867
9.32631	0.28867
9.30231	0.28865
9.27953	0.28865
9.25523	0.28867
9.23165	0.28865
9.20869	0.28865
9.18501	0.28866
9.16140	0.28864
9.13816	0.28863
9.11359	0.28863
9.09062	0.28862
9.06724	0.28862
9.04299	0.28861
9.01999	0.28860
8.99636	0.28859
8.97266	0.28859
8.94962	0.28858
8.92582	0.28856
8.90146	0.28857
8.87891	0.28857
8.85480	0.28856
8.83070	0.28855
8.80891	0.28855
8.78618	0.28853
8.76186	0.28854
8.73924	0.28854
8.71483	0.28852
8.69087	0.28852
8.66845	0.28851
8.64424	0.28850
8.61979	0.28850
8.59771	0.28849
8.57379	0.28849
8.54970	0.28848
8.52678	0.28848
8.50252	0.28846
8.47912	0.28845
8.45594	0.28844
8.43163	0.28843
8.40834	0.28841
8.38619	0.28839
8.36186	0.28841
8.33842	0.28842
8.31499	0.28842
8.29081	0.28839
8.26778	0.28838
8.24435	0.28833
8.21982	0.28835
8.19715	0.28833
8.17393	0.28831
8.14957	0.28833
8.12656	0.28832
8.10270	0.28828
8.07884	0.28831
8.05583	0.28826
8.03189	0.28829
8.01074	0.28827
7.99324	0.28830
7.96903	0.28824
7.94488	0.28821
7.92194	0.28820
7.89778	0.28816
7.87383	0.28821
7.85126	0.28817
7.82692	0.28815
7.80499	0.28817
7.78251	0.28812
7.75813	0.28813
7.73437	0.28812
7.71141	0.28809
7.68756	0.28806
7.66370	0.28808
7.64072	0.28802
7.61641	0.28801
7.59346	0.28802
7.57069	0.28798
7.54642	0.28796
7.52270	0.28797
7.49959	0.28796
7.47556	0.28791
7.45238	0.28791
7.42920	0.28791
7.40556	0.28783
7.38304	0.28783
7.35966	0.28779
7.33534	0.28778
7.31192	0.28780
7.28888	0.28773
7.26445	0.28770
7.24150	0.28768
7.21777	0.28767
7.19418	0.28762
7.17127	0.28760
7.14752	0.28761
7.12323	0.28753
7.10021	0.28752
7.07672	0.28751
7.05237	0.28747
7.02949	0.28744
7.00544	0.28739
6.98155	0.28741
6.95869	0.28733
6.93450	0.28731
6.91025	0.28727
6.88777	0.28724
6.86364	0.28722
6.83972	0.28716
6.81660	0.28714
6.79468	0.28710
6.77117	0.28705
6.74812	0.28701
6.72371	0.28697
6.70020	0.28693
6.67746	0.28690
6.65289	0.28686
6.62958	0.28682
6.60642	0.28676
6.58270	0.28671
6.55934	0.28666
6.53588	0.28663
6.51145	0.28658
6.48861	0.28655
6.46501	0.28648
6.44094	0.28643
6.41764	0.28639
6.39493	0.28634
6.37092	0.28629
6.34817	0.28625
6.32408	0.28620
6.29982	0.28616
6.27764	0.28611
6.25326	0.28606
6.22909	0.28598
6.20672	0.28591
6.18301	0.28587
6.15873	0.28581
6.13616	0.28576
6.11170	0.28571
6.08792	0.28567
6.06527	0.28563
6.04109	0.28557
6.01735	0.28552
5.99709	0.28548
5.97318	0.28543
5.94950	0.28539
5.92632	0.28535
5.90196	0.28530
5.87886	0.28524
5.85538	0.28519
5.83108	0.28514
5.80880	0.28511
5.78681	0.28507
5.76242	0.28501
5.73942	0.28498
5.71554	0.28494
5.69144	0.28489
5.66880	0.28486
5.64496	0.28483
5.62064	0.28480
5.59823	0.28477
5.57455	0.28474
5.55027	0.28471
5.52761	0.28470
5.50340	0.28468
5.47960	0.28467
5.45667	0.28465
5.43262	0.28463
5.40860	0.28460
5.38700	0.28459
5.36279	0.28460
5.33875	0.28459
5.31574	0.28458
5.29171	0.28458
5.26818	0.28457
5.24523	0.28459
5.22084	0.28459
5.19764	0.28459
5.17494	0.28461
5.15051	0.28463
5.12708	0.28467
5.10371	0.28468
5.07984	0.28470
5.05637	0.28473
5.03302	0.28475
5.00884	0.28476
4.98597	0.28480
4.96245	0.28482
4.93822	0.28485
4.91493	0.28489
4.89124	0.28492
4.86725	0.28496
4.84444	0.28499
4.82036	0.28503
4.79802	0.28506
4.77590	0.28510
4.75166	0.28517
4.72744	0.28520
4.70482	0.28524
4.68094	0.28531
4.65665	0.28536
4.63412	0.28540
4.60971	0.28547
4.58630	0.28552
4.56373	0.28556
4.53958	0.28563
4.51544	0.28568
4.49251	0.28573
4.46869	0.28578
4.44485	0.28582
4.42174	0.28588
4.39836	0.28593
4.37533	0.28599
4.35201	0.28604
4.32767	0.28609
4.30430	0.28616
4.28136	0.28620
4.25688	0.28625
4.23386	0.28632
4.21010	0.28636
4.18652	0.28641
4.16366	0.28646
4.13997	0.28651
4.11555	0.28657
4.09297	0.28662
4.06905	0.28666
4.04487	0.28671
4.02202	0.28675
4.00060	0.28680
3.97740	0.28685
3.95467	0.28687
3.93045	0.28693
3.90605	0.28696
3.88376	0.28700
3.85960	0.28705
3.83552	0.28709
3.81256	0.28712
3.79069	0.28717
3.76694	0.28722
3.74449	0.28724
3.72015	0.28728
3.69628	0.28732
3.67366	0.28736
3.64946	0.28739
3.62562	0.28744
3.60279	0.28746
3.57904	0.28749
3.55538	0.28754
3.53238	0.28757
3.50788	0.28761
3.48466	0.28764
3.46145	0.28767
3.43721	0.28769
3.41371	0.28772
3.39138	0.28775
3.36734	0.28777
3.34424	0.28781
3.32050	0.28783
3.29631	0.28785
3.27375	0.28789
3.24972	0.28789
3.22563	0.28793
3.20293	0.28794
3.17941	0.28796
3.15522	0.28800
3.13267	0.28800
3.10835	0.28801
3.08417	0.28804
3.06183	0.28806
3.03763	0.28809
3.01345	0.28809
2.99101	0.28812
2.96716	0.28814
2.94295	0.28815
2.92008	0.28816
2.89583	0.28819
2.87242	0.28821
2.84917	0.28822
2.82494	0.28823
2.80223	0.28825
2.78071	0.28825
2.75630	0.28826
2.73303	0.28829
2.70953	0.28829
2.68537	0.28830
2.66235	0.28831
2.63889	0.28833
2.61441	0.28834
2.59177	0.28836
2.56857	0.28837
2.54421	0.28837
2.52118	0.28839
2.49723	0.28840
2.47354	0.28842
2.45048	0.28843
2.42662	0.28846
2.40255	0.28831
2.38092	0.28845
2.35670	0.28845
2.33253	0.28847
2.30978	0.28846
2.28566	0.28850
2.26172	0.28848
2.23918	0.28850
2.21476	0.28848
2.19126	0.28853
2.16884	0.28853
2.14459	0.28854
2.12061	0.28855
2.09757	0.28860
2.07378	0.28857
2.04994	0.28857
2.02701	0.28859
2.00378	0.28860
1.98253	0.28861
1.95947	0.28860
1.93515	0.28862
1.91158	0.28864
1.88830	0.28864
1.86397	0.28865
1.84087	0.28867
1.81702	0.28865
1.79481	0.28868
1.77287	0.28869
1.74837	0.28869
1.72407	0.28869
1.70142	0.28868
1.67764	0.28870
1.65334	0.28869
1.63083	0.28870
1.60640	0.28871
1.58288	0.28872
1.56042	0.28873
1.53625	0.28874
1.51195	0.28873
1.48921	0.28873
1.46542	0.28874
1.44138	0.28873
1.41850	0.28875
1.39502	0.28876
1.37194	0.28876
1.34864	0.28877
1.32445	0.28876
1.30087	0.28876
1.27815	0.28877
1.25364	0.28876
1.23045	0.28878
1.20687	0.28879
1.18319	0.28879
1.16028	0.28879
1.13702	0.28879
1.11269	0.28881
1.08945	0.28881
1.06645	0.28881
1.04191	0.28881
1.01882	0.28880
0.99549	0.28882
0.97162	0.28882
0.94847	0.28882
0.92473	0.28885
0.90016	0.28884
0.87781	0.28884
0.85375	0.28884
0.82950	0.28885
0.80694	0.28884
0.78601	0.28886
0.76123	0.28885
0.73835	0.28885
0.71387	0.28887
0.68970	0.28887
0.66688	0.28886
0.64252	0.28888
0.61892	0.28888
0.59609	0.28889
0.57225	0.28890
0.54864	0.28889
0.52510	0.28890
0.50088	0.28889
0.47761	0.28890
0.45369	0.28891
0.42914	0.28890
0.40636	0.28891
0.38332	0.28891
0.35945	0.28891
0.33683	0.28892
0.31233	0.28893
0.28838	0.28893
0.26605	0.28892
0.24156	0.28892
0.21754	0.28893
0.19468	0.28893
0.17117	0.28894
0.14716	0.28893
0.12393	0.28893
0.09934	0.28894
0.07671	0.28894
0.05325	0.28894
0.02887	0.28894
0.00576	0.28895
0.00902	0.28896
0.03368	0.28896
0.05683	0.28896
0.08026	0.28894
0.10423	0.28894
0.12756	0.28893
0.15127	0.28894
0.17552	0.28893
0.19768	0.28893
0.22152	0.28893
0.24578	0.28893
0.26858	0.28891
0.29235	0.28890
0.31657	0.28890
0.33912	0.28890
0.36350	0.28890
0.38722	0.28889
0.40881	0.28889
0.43331	0.28889
0.45730	0.28888
0.48018	0.28888
0.50431	0.28887
0.52823	0.28888
0.55115	0.28887
0.57553	0.28886
0.59842	0.28888
0.62152	0.28886
0.64589	0.28885
0.66933	0.28886
0.69237	0.28886
0.71682	0.28886
0.73999	0.28885
0.76392	0.28886
0.78799	0.28884
0.80854	0.28883
0.83295	0.28884
0.85714	0.28883
0.87960	0.28883
0.90357	0.28882
0.92802	0.28883
0.95061	0.28881
0.97490	0.28881
0.99865	0.28882
1.02102	0.28879
1.04524	0.28880
1.06930	0.28880
1.09187	0.28877
1.11614	0.28879
1.13988	0.28879
1.16292	0.28878
1.18704	0.28878
1.20945	0.28878
1.23325	0.28877
1.25755	0.28877
1.28081	0.28875
1.30384	0.28876
1.32838	0.28875
1.35140	0.28874
1.37508	0.28876
1.39857	0.28875
1.42108	0.28874
1.44484	0.28875
1.46914	0.28873
1.49169	0.28872
1.51559	0.28872
1.54003	0.28872
1.56266	0.28871
1.58656	0.28871
1.61022	0.28871
1.63301	0.28869
1.65718	0.28868
1.68136	0.28868
1.70362	0.28867
1.72801	0.28866
1.75195	0.28865
1.77488	0.28865
1.79812	0.28865
1.82048	0.28865
1.84347	0.28863
1.86784	0.28863
1.89109	0.28863
1.91417	0.28862
1.93863	0.28862
1.96220	0.28861
1.98509	0.28860
2.00664	0.28860
2.02959	0.28859
2.05282	0.28858
2.07723	0.28857
2.10004	0.28855
2.12365	0.28855
2.14800	0.28856
2.17120	0.28854
2.19436	0.28854
2.21826	0.28853
2.24118	0.28852
2.26524	0.28851
2.28899	0.28849
2.31166	0.28849
2.33593	0.28848
2.36016	0.28846
2.38258	0.28846
2.40573	0.28845
2.42999	0.28845
2.45247	0.28844
2.47669	0.28843
2.50063	0.28843
2.52343	0.28841
2.54760	0.28840
2.57174	0.28840
2.59413	0.28837
2.61801	0.28837
2.64182	0.28834
2.66494	0.28834
2.68889	0.28834
2.71222	0.28830
2.73563	0.28830
2.75994	0.28829
2.78321	0.28826
2.80471	0.28827
2.82860	0.28824
2.85175	0.28822
2.87538	0.28822
2.89930	0.28819
2.92253	0.28819
2.94623	0.28816
2.97058	0.28815
2.99316	0.28813
3.01684	0.28812
3.04112	0.28809
3.06372	0.28808
3.08757	0.28806
3.11168	0.28803
3.13459	0.28802
3.15868	0.28799
3.18284	0.28799
3.20474	0.28795
3.22910	0.28793
3.25311	0.28791
3.27595	0.28788
3.29975	0.28786
3.32371	0.28784
3.34670	0.28781
3.37096	0.28780
3.39432	0.28776
3.41632	0.28773
3.44076	0.28771
3.46434	0.28767
3.48721	0.28765
3.51138	0.28763
3.53509	0.28759
3.55824	0.28757
3.58267	0.28753
3.60505	0.28749
3.62834	0.28745
3.65252	0.28742
3.67604	0.28739
3.69909	0.28734
3.72335	0.28731
3.74651	0.28728
3.77016	0.28724
3.79409	0.28720
3.81488	0.28716
3.83891	0.28711
3.86309	0.28708
3.88568	0.28703
3.90951	0.28700
3.93372	0.28695
3.95637	0.28690
3.98052	0.28684
4.00322	0.28681
4.02389	0.28675
4.04817	0.28672
4.07256	0.28667
4.09481	0.28660
4.11912	0.28656
4.14322	0.28650
4.16596	0.28646
4.18990	0.28641
4.21317	0.28634
4.23638	0.28630
4.26009	0.28624
4.28397	0.28619
4.30656	0.28614
4.33097	0.28607
4.35446	0.28602
4.37775	0.28598
4.40132	0.28592
4.42424	0.28586
4.44738	0.28581
4.47191	0.28576
4.49481	0.28572
4.51829	0.28566
4.54278	0.28561
4.56566	0.28555
4.58886	0.28550
4.61251	0.28548
4.63596	0.28541
4.65946	0.28536
4.68364	0.28531
4.70634	0.28526
4.73018	0.28521
4.75443	0.28517
4.77746	0.28514
4.80058	0.28508
4.82315	0.28507
4.84579	0.28501
4.87005	0.28498
4.89394	0.28495
4.91651	0.28490
4.94050	0.28487
4.96479	0.28484
4.98764	0.28479
5.01118	0.28479
5.03538	0.28475
5.05791	0.28474
5.08218	0.28471
5.10597	0.28468
5.12877	0.28467
5.15296	0.28465
5.17701	0.28464
5.19948	0.28463
5.22336	0.28462
5.24709	0.28462
5.27023	0.28462
5.29419	0.28462
5.31751	0.28462
5.34096	0.28462
5.36524	0.28463
5.38848	0.28463
5.41087	0.28464
5.43509	0.28465
5.45817	0.28467
5.48182	0.28468
5.50570	0.28470
5.52887	0.28472
5.55255	0.28474
5.57705	0.28476
5.59955	0.28479
5.62290	0.28482
5.64743	0.28486
5.67003	0.28487
5.69392	0.28492
5.71794	0.28495
5.74078	0.28499
5.76498	0.28503
5.78900	0.28507
5.81030	0.28512
5.83400	0.28516
5.85786	0.28520
5.88099	0.28524
5.90479	0.28529
5.92858	0.28535
5.95174	0.28540
5.97605	0.28544
5.99928	0.28550
6.01929	0.28555
6.04353	0.28560
6.06715	0.28566
6.08998	0.28571
6.11421	0.28576
6.13784	0.28581
6.16099	0.28585
6.18551	0.28593
6.20798	0.28596
6.23143	0.28603
6.25568	0.28608
6.27890	0.28615
6.30224	0.28621
6.32666	0.28625
6.36272	0.28630
