7.77827	0.28856
7.75436	0.28856
7.73143	0.28855
7.70707	0.28855
7.68388	0.28855
7.66060	0.28853
7.63630	0.28851
7.61296	0.28851
7.59028	0.28851
7.56583	0.28850
7.54272	0.28849
7.51908	0.28849
7.49487	0.28847
7.47204	0.28847
7.44831	0.28846
7.42400	0.28846
7.40193	0.28845
7.37851	0.28842
7.35413	0.28843
7.33134	0.28842
7.30737	0.28842
7.28353	0.28840
7.26074	0.28839
7.23658	0.28839
7.21234	0.28837
7.19040	0.28836
7.16619	0.28837
7.14212	0.28836
7.11929	0.28834
7.09509	0.28833
7.07136	0.28831
7.04857	0.28829
7.02453	0.28829
7.00064	0.28828
6.97796	0.28827
6.95371	0.28826
6.93001	0.28826
6.90681	0.28825
6.88285	0.28822
6.85916	0.28821
6.83606	0.28819
6.81213	0.28817
6.79059	0.28817
6.76736	0.28815
6.74304	0.28813
6.71967	0.28813
6.69623	0.28808
6.67227	0.28808
6.64920	0.28807
6.62536	0.28804
6.60164	0.28804
6.57906	0.28800
6.55494	0.28799
6.53046	0.28797
6.50778	0.28794
6.48384	0.28794
6.45953	0.28793
6.43696	0.28790
6.41283	0.28788
6.38972	0.28785
6.36705	0.28782
6.34295	0.28781
6.31886	0.28778
6.29607	0.28776
6.27219	0.28773
6.24837	0.28772
6.22525	0.28768
6.20136	0.28765
6.17827	0.28764
6.15504	0.28761
6.13072	0.28759
6.10718	0.28756
6.08415	0.28752
6.05983	0.28749
6.03669	0.28748
6.01367	0.28743
5.99188	0.28740
5.96899	0.28737
5.94527	0.28732
5.92085	0.28729
5.89790	0.28726
5.87436	0.28723
5.85000	0.28720
5.82724	0.28715
5.80469	0.28711
5.78147	0.28708
5.75870	0.28704
5.73458	0.28700
5.71013	0.28694
5.68791	0.28687
5.66379	0.28687
5.64035	0.28682
5.61678	0.28679
5.59305	0.28673
5.56942	0.28669
5.54654	0.28665
5.52218	0.28659
5.49841	0.28655
5.47568	0.28651
5.45135	0.28644
5.42782	0.28637
5.40521	0.28633
5.38162	0.28627
5.35810	0.28623
5.33498	0.28618
5.31042	0.28612
5.28748	0.28609
5.26412	0.28603
5.23990	0.28596
5.21651	0.28592
5.19355	0.28586
5.16957	0.28582
5.14638	0.28578
5.12223	0.28572
5.09804	0.28567
5.07574	0.28562
5.05143	0.28556
5.02716	0.28551
5.00460	0.28544
4.98057	0.28541
4.95640	0.28536
4.93368	0.28531
4.90922	0.28527
4.88565	0.28521
4.86276	0.28517
4.83850	0.28513
4.81475	0.28507
4.79380	0.28503
4.76986	0.28499
4.74632	0.28495
4.72298	0.28492
4.69882	0.28488
4.67582	0.28486
4.65227	0.28482
4.62794	0.28478
4.60496	0.28476
4.58187	0.28474
4.55768	0.28472
4.53470	0.28471
4.51069	0.28468
4.48650	0.28467
4.46427	0.28465
4.44037	0.28464
4.41601	0.28463
4.39419	0.28463
4.37054	0.28462
4.34620	0.28461
4.32362	0.28460
4.29941	0.28460
4.27570	0.28460
4.25282	0.28462
4.22873	0.28463
4.20454	0.28464
4.18256	0.28465
4.15837	0.28468
4.13444	0.28471
4.11127	0.28472
4.08730	0.28475
4.06367	0.28476
4.04077	0.28479
4.01654	0.28482
3.99611	0.28483
3.97337	0.28487
3.94891	0.28488
3.92543	0.28491
3.90207	0.28496
3.87817	0.28500
3.85472	0.28505
3.83133	0.28510
3.80750	0.28513
3.78614	0.28519
3.76273	0.28524
3.73849	0.28528
3.71518	0.28533
3.69156	0.28538
3.66766	0.28542
3.64481	0.28547
3.62080	0.28552
3.59692	0.28558
3.57465	0.28562
3.55035	0.28567
3.52606	0.28572
3.50352	0.28576
3.47963	0.28582
3.45526	0.28587
3.43277	0.28592
3.40847	0.28598
3.38549	0.28602
3.36295	0.28609
3.33870	0.28614
3.31462	0.28619
3.29173	0.28627
3.26788	0.28633
3.24414	0.28637
3.22106	0.28644
3.19716	0.28649
3.17411	0.28654
3.15088	0.28658
3.12653	0.28663
3.10299	0.28669
3.08000	0.28672
3.05564	0.28678
3.03258	0.28682
3.00914	0.28685
2.98504	0.28692
2.96217	0.28697
2.93846	0.28700
2.91414	0.28704
2.89112	0.28709
2.86754	0.28712
2.84321	0.28718
2.82042	0.28721
2.79798	0.28724
2.77459	0.28730
2.75229	0.28733
2.72777	0.28737
2.70337	0.28742
2.68120	0.28744
2.65698	0.28747
2.63291	0.28750
2.60997	0.28753
2.58635	0.28758
2.56267	0.28761
2.53983	0.28765
2.51544	0.28767
2.49163	0.28770
2.46880	0.28773
2.44416	0.28776
2.42085	0.28778
2.39814	0.28780
2.37450	0.28783
2.35117	0.28786
2.32771	0.28788
2.30336	0.28792
2.28060	0.28794
2.25696	0.28795
2.23282	0.28797
2.20958	0.28801
2.18642	0.28801
2.16247	0.28804
2.13966	0.28806
2.11552	0.28808
2.09091	0.28809
2.06863	0.28812
2.04428	0.28813
2.01997	0.28815
1.99933	0.28815
1.97643	0.28817
1.95254	0.28820
1.92959	0.28820
1.90474	0.28822
1.88154	0.28824
1.85838	0.28827
1.83413	0.28828
1.81056	0.28829
1.78948	0.28831
1.76541	0.28832
1.74233	0.28833
1.71867	0.28835
1.69433	0.28837
1.67207	0.28838
1.64856	0.28836
1.62429	0.28838
1.60132	0.28839
1.57839	0.28840
1.55407	0.28843
1.53111	0.28841
1.50703	0.28844
1.48305	0.28846
1.46045	0.28847
1.43646	0.28848
1.41207	0.28848
1.39039	0.28849
1.36660	0.28849
1.34233	0.28852
1.31971	0.28851
1.29540	0.28851
1.27172	0.28854
1.24891	0.28853
1.22463	0.28855
1.20074	0.28855
1.17861	0.28858
1.15440	0.28858
1.13068	0.28859
1.10747	0.28860
1.08335	0.28860
1.05989	0.28862
1.03690	0.28861
1.01258	0.28863
0.98927	0.28865
0.96653	0.28863
0.94196	0.28866
0.91867	0.28864
0.89522	0.28866
0.87124	0.28867
0.84795	0.28867
0.82432	0.28868
0.80067	0.28868
0.77945	0.28871
0.75574	0.28870
0.73163	0.28869
0.70869	0.28872
0.68510	0.28871
0.66120	0.28872
0.63825	0.28872
0.61417	0.28872
0.59046	0.28873
0.56816	0.28871
0.54390	0.28873
0.51957	0.28874
0.49699	0.28875
0.47312	0.28875
0.44877	0.28876
0.42631	0.28877
0.40204	0.28877
0.37905	0.28876
0.35648	0.28877
0.33235	0.28877
0.30814	0.28878
0.28532	0.28877
0.26158	0.28878
0.23775	0.28879
0.21457	0.28879
0.19074	0.28880
0.16771	0.28881
0.14438	0.28881
0.12006	0.28881
0.09657	0.28882
0.07361	0.28882
0.04925	0.28881
0.02614	0.28882
0.00404	0.28882
0.01281	0.28880
0.03625	0.28882
0.05960	0.28881
0.08353	0.28881
0.10673	0.28881
0.13048	0.28881
0.15472	0.28881
0.17765	0.28881
0.20072	0.28880
0.22486	0.28879
0.24789	0.28879
0.27173	0.28877
0.29594	0.28878
0.31844	0.28878
0.34252	0.28878
0.36636	0.28879
0.38883	0.28879
0.41182	0.28877
0.43610	0.28875
0.45904	0.28874
0.48304	0.28875
0.50719	0.28874
0.53010	0.28874
0.55426	0.28874
0.57821	0.28873
0.60038	0.28873
0.62461	0.28872
0.64837	0.28871
0.67162	0.28872
0.69525	0.28871
0.71900	0.28869
0.74211	0.28869
0.76611	0.28868
0.78937	0.28867
0.81055	0.28865
0.83503	0.28865
0.85822	0.28866
0.88126	0.28865
0.90538	0.28866
0.92899	0.28866
0.95259	0.28864
0.97709	0.28864
0.99972	0.28862
1.02323	0.28862
1.04733	0.28861
1.07045	0.28860
1.09396	0.28860
1.11821	0.28860
1.14094	0.28858
1.16519	0.28857
1.18859	0.28857
1.21077	0.28855
1.23545	0.28855
1.25992	0.28854
1.28214	0.28852
1.30597	0.28853
1.33032	0.28852
1.35297	0.28853
1.37919	0.28851
1.40121	0.28850
1.42467	0.28849
1.44892	0.28849
1.47192	0.28849
1.49549	0.28848
1.51969	0.28847
1.54240	0.28847
1.56674	0.28846
1.59010	0.28843
1.61210	0.28842
1.63618	0.28841
1.66087	0.28839
1.68323	0.28838
1.70714	0.28837
1.73132	0.28836
1.75406	0.28834
1.77855	0.28832
1.80123	0.28832
1.82283	0.28831
1.84663	0.28829
1.87090	0.28828
1.89403	0.28826
1.91838	0.28824
1.94195	0.28823
1.96524	0.28821
1.98932	0.28818
2.00940	0.28816
2.03290	0.28814
2.05742	0.28813
2.08005	0.28811
2.10301	0.28809
2.12769	0.28807
2.15097	0.28806
2.17464	0.28803
2.19824	0.28802
2.22095	0.28798
2.24520	0.28796
2.26965	0.28794
2.29182	0.28791
2.31643	0.28789
2.34061	0.28786
2.36347	0.28786
2.38732	0.28784
2.41006	0.28780
2.43328	0.28777
2.45738	0.28774
2.48101	0.28771
2.50382	0.28769
2.52822	0.28764
2.55146	0.28762
2.57476	0.28760
2.59842	0.28754
2.62178	0.28752
2.64465	0.28748
2.66899	0.28745
2.69195	0.28743
2.71480	0.28739
2.73967	0.28735
2.76328	0.28731
2.78625	0.28727
2.80824	0.28724
2.83183	0.28719
2.85550	0.28715
2.87980	0.28711
2.90228	0.28706
2.92638	0.28702
2.95059	0.28697
2.97352	0.28692
2.99721	0.28688
3.02117	0.28683
3.04377	0.28679
3.06809	0.28674
3.09191	0.28668
3.11447	0.28665
3.13897	0.28659
3.16299	0.28654
3.18552	0.28650
3.20872	0.28643
3.23298	0.28639
3.25559	0.28634
3.27987	0.28628
3.30346	0.28623
3.32643	0.28618
3.35058	0.28612
3.37453	0.28607
3.39705	0.28602
3.42046	0.28596
3.44404	0.28591
3.46722	0.28585
3.49129	0.28580
3.51457	0.28574
3.53816	0.28568
3.56230	0.28564
3.58545	0.28558
3.60838	0.28553
3.63272	0.28550
3.65572	0.28544
3.67944	0.28540
3.70339	0.28535
3.72640	0.28529
3.75028	0.28525
3.77462	0.28521
3.79703	0.28516
3.81882	0.28511
3.84326	0.28506
3.86588	0.28502
3.88980	0.28498
3.91394	0.28496
3.93685	0.28493
3.96095	0.28489
3.98513	0.28486
4.00555	0.28483
4.02848	0.28479
4.05236	0.28476
4.07543	0.28473
4.09929	0.28470
4.12303	0.28468
4.14611	0.28466
4.17045	0.28465
4.19362	0.28463
4.21630	0.28461
4.24071	0.28460
4.26418	0.28461
4.28727	0.28460
4.31137	0.28459
4.33481	0.28459
4.35811	0.28459
4.38249	0.28459
4.40462	0.28461
4.42803	0.28461
4.45224	0.28463
4.47535	0.28464
4.49884	0.28466
4.52307	0.28467
4.54589	0.28469
4.57003	0.28472
4.59390	0.28473
4.61635	0.28476
4.64080	0.28480
4.66498	0.28480
4.68741	0.28486
4.71143	0.28488
4.73559	0.28491
4.75837	0.28495
4.78270	0.28499
4.80511	0.28503
4.82705	0.28509
4.85128	0.28512
4.87513	0.28517
4.89782	0.28521
4.92214	0.28526
4.94575	0.28530
4.96898	0.28535
4.99309	0.28541
5.01620	0.28546
5.03963	0.28551
5.06388	0.28557
5.08682	0.28562
5.11025	0.28566
5.13464	0.28572
5.15756	0.28578
5.18153	0.28582
5.20515	0.28589
5.22776	0.28593
5.25168	0.28598
5.27609	0.28604
5.29842	0.28608
5.32250	0.28615
5.34687	0.28620
5.36937	0.28624
5.39337	0.28631
5.41649	0.28636
5.43940	0.28641
5.46348	0.28645
5.48748	0.28650
5.50991	0.28656
5.53434	0.28661
5.55814	0.28665
5.58132	0.28669
5.60495	0.28676
5.62854	0.28680
5.65181	0.28683
5.67635	0.28668
5.69922	0.28691
5.72260	0.28696
5.74705	0.28700
5.77013	0.28704
5.79358	0.28707
5.81553	0.28711
5.83872	0.28716
5.86236	0.28719
5.88670	0.28724
5.90922	0.28727
5.93339	0.28729
5.95714	0.28733
5.98023	0.28735
6.00335	0.28740
6.02502	0.28745
6.04776	0.28747
6.07203	0.28750
6.09564	0.28752
6.11871	0.28756
6.14275	0.28758
6.16661	0.28761
6.18905	0.28765
6.21222	0.28767
6.23672	0.28770
6.25912	0.28773
6.28347	0.28773
6.30730	0.28776
6.33036	0.28779
6.35455	0.28781
6.37862	0.28783
6.40103	0.28785
6.42442	0.28788
6.44812	0.28790
6.47130	0.28792
6.49531	0.28793
6.51870	0.28796
6.54214	0.28798
6.56632	0.28800
6.58961	0.28802
6.61242	0.28802
6.63684	0.28804
6.65986	0.28807
6.68348	0.28808
6.70738	0.28811
6.73058	0.28811
6.75434	0.28812
6.77863	0.28814
6.80119	0.28815
6.82291	0.28817
6.84734	0.28819
6.87002	0.28818
6.89392	0.28821
6.91805	0.28823
6.94086	0.28823
6.96498	0.28826
6.98933	0.28827
7.01173	0.28827
7.03578	0.28829
7.05972	0.28831
7.08266	0.28830
7.10640	0.28831
7.13047	0.28832
7.15338	0.28833
7.17772	0.28833
7.20111	0.28834
7.22369	0.28837
7.24808	0.28837
7.27157	0.28839
7.29451	0.28840
7.31895	0.28840
7.34250	0.28842
7.36593	0.28843
7.39017	0.28843
7.41229	0.28844
7.43575	0.28845
7.45998	0.28845
7.48306	0.28846
7.50657	0.28846
7.53086	0.28847
7.55361	0.28847
7.57770	0.28848
7.60168	0.28849
7.62381	0.28849
7.64814	0.28850
7.67247	0.28850
7.69482	0.28851
7.71882	0.28853
7.74312	0.28851
7.76580	0.28852
7.79011	0.28853
7.81267	0.28854
7.83447	0.28855
7.85862	0.28855
7.88259	0.28856
7.90528	0.28857
7.92960	0.28855
7.95329	0.28856
7.97641	0.28856
8.00055	0.28857
8.01604	0.28857
8.03927	0.28858
8.06359	0.28858
8.08673	0.28859
8.10954	0.28860
8.13418	0.28860
8.15727	0.28860
8.18090	0.28860
8.20466	0.28862
8.22750	0.28861
8.25118	0.28860
8.27558	0.28862
8.29816	0.28862
8.32151	0.28861
8.34600	0.28862
8.36888	0.28862
8.39259	0.28862
8.41560	0.28863
8.43869	0.28863
8.46270	0.28865
8.48692	0.28865
8.50915	0.28866
8.53353	0.28865
8.55769	0.28866
8.58058	0.28867
8.60424	0.28867
8.62815	0.28867
8.65079	0.28868
8.67513	0.28868
8.69880	0.28868
8.72155	0.28870
8.74603	0.28870
8.76982	0.28870
8.79266	0.28871
8.81486	0.28870
8.83840	0.28871
8.86147	0.28871
8.88596	0.28871
8.90898	0.28872
8.93243	0.28872
8.95675	0.28872
8.98021	0.28873
9.00327	0.28872
9.02742	0.28873
9.05055	0.28873
9.07417	0.28874
9.09804	0.28874
9.12105	0.28874
9.14507	0.28875
9.16935	0.28876
9.19199	0.28875
9.21554	0.28876
9.24014	0.28876
9.26277	0.28876
9.28701	0.28877
9.31087	0.28877
9.33350	0.28878
9.35806	0.28878
9.38216	0.28880
9.40474	0.28879
9.42804	0.28879
9.45173	0.28880
9.47486	0.28880
9.49895	0.28879
9.52237	0.28880
9.54585	0.28880
9.57008	0.28879
9.59330	0.28880
9.61611	0.28881
9.64064	0.28880
9.66363	0.28881
9.68745	0.28881
9.71126	0.28882
9.73430	0.28882
9.75811	0.28882
9.78247	0.28882
9.80470	0.28881
9.82609	0.28881
9.85052	0.28883
9.87330	0.28882
9.89676	0.28883
9.92104	0.28882
9.94453	0.28882
9.96860	0.28877
9.99285	0.28883
10.01353	0.28882
9.99888	0.28883
9.97495	0.28881
9.95230	0.28882
9.92789	0.28882
9.90380	0.28881
9.88134	0.28881
9.85701	0.28881
9.83308	0.28880
9.81147	0.28880
9.78833	0.28881
9.76449	0.28880
9.74146	0.28881
9.71697	0.28881
9.69377	0.28881
9.67077	0.28882
9.64638	0.28881
9.62288	0.28880
9.59978	0.28880
9.57594	0.28880
9.55258	0.28880
9.52857	0.28880
9.50367	0.28879
9.48027	0.28879
9.45507	0.28879
9.43180	0.28880
9.40898	0.28879
9.38529	0.28877
9.36197	0.28879
9.33848	0.28877
9.31403	0.28878
9.29137	0.28877
9.26771	0.28876
9.24314	0.28876
9.22017	0.28876
9.19693	0.28877
9.17302	0.28877
9.15053	0.28876
9.12617	0.28875
9.10182	0.28875
9.07957	0.28874
9.05517	0.28874
9.03137	0.28873
9.00905	0.28873
8.98502	0.28873
8.96079	0.28872
8.93819	0.28872
8.91409	0.28872
8.88978	0.28872
8.86715	0.28872
8.84291	0.28871
8.81910	0.28871
8.79843	0.28871
8.77470	0.28869
8.75058	0.28869
8.72731	0.28870
8.70277	0.28868
8.67977	0.28868
8.65612	0.28868
8.63189	0.28866
8.60877	0.28867
8.58575	0.28866
8.56147	0.28866
8.53844	0.28865
8.51448	0.28865
8.49039	0.28866
8.46768	0.28864
8.44379	0.28864
8.41935	0.28864
8.39759	0.28864
8.37384	0.28862
8.34939	0.28863
8.32696	0.28863
8.30266	0.28861
8.27881	0.28861
8.25604	0.28861
8.23184	0.28860
8.20781	0.28859
8.18568	0.28858
8.16152	0.28858
8.13765	0.28857
8.11443	0.28857
8.09043	0.28857
8.06688	0.28856
8.04455	0.28856
8.01955	0.28854
8.00389	0.28852
7.98177	0.28854
7.95659	0.28853
7.93330	0.28852
7.90987	0.28853
7.88580	0.28852
7.86249	0.28852
7.83904	0.28853
7.81516	0.28850
7.78084	0.28850
