7.94020	0.28817
7.91565	0.28815
7.89285	0.28815
7.86923	0.28813
7.84517	0.28812
7.82184	0.28810
7.80027	0.28809
7.77669	0.28807
7.75371	0.28805
7.72985	0.28803
7.70564	0.28803
7.68316	0.28803
7.65902	0.28800
7.63478	0.28801
7.61232	0.28795
7.58828	0.28792
7.56404	0.28791
7.54152	0.28785
7.51698	0.28783
7.49317	0.28783
7.47055	0.28782
7.44627	0.28782
7.42230	0.28778
7.40029	0.28777
7.37643	0.28776
7.35275	0.28772
7.32963	0.28771
7.30533	0.28768
7.28224	0.28767
7.25883	0.28765
7.23428	0.28760
7.21119	0.28759
7.18816	0.28754
7.16390	0.28752
7.14099	0.28749
7.11704	0.28746
7.09285	0.28743
7.07024	0.28740
7.04637	0.28738
7.02213	0.28734
6.99934	0.28729
6.97525	0.28725
6.95090	0.28722
6.92834	0.28719
6.90400	0.28715
6.88036	0.28714
6.85733	0.28708
6.83315	0.28703
6.81012	0.28700
6.78870	0.28695
6.76456	0.28693
6.74089	0.28690
6.71756	0.28684
6.69350	0.28680
6.67020	0.28675
6.64693	0.28672
6.62259	0.28667
6.59965	0.28662
6.57664	0.28659
6.55214	0.28653
6.52902	0.28647
6.50542	0.28644
6.48151	0.28638
6.45832	0.28634
6.43472	0.28630
6.41057	0.28626
6.38852	0.28622
6.36446	0.28616
6.34024	0.28611
6.31740	0.28593
6.29336	0.28599
6.26942	0.28593
6.24679	0.28587
6.22248	0.28582
6.19889	0.28577
6.17655	0.28571
6.15220	0.28566
6.12821	0.28560
6.10515	0.28556
6.08134	0.28551
6.05752	0.28545
6.03453	0.28539
6.01128	0.28536
5.98976	0.28531
5.96668	0.28525
5.94241	0.28520
5.91879	0.28515
5.89519	0.28509
5.87123	0.28503
5.84806	0.28499
5.82429	0.28495
5.80190	0.28491
5.77966	0.28487
5.75562	0.28484
5.73137	0.28480
5.70855	0.28478
5.68485	0.28469
5.66058	0.28472
5.63802	0.28471
5.61372	0.28465
5.58986	0.28463
5.56698	0.28460
5.54274	0.28457
5.51870	0.28456
5.49566	0.28456
5.47168	0.28453
5.44815	0.28451
5.42492	0.28449
5.40146	0.28450
5.37859	0.28449
5.35506	0.28448
5.33088	0.28447
5.30743	0.28448
5.28429	0.28449
5.26007	0.28448
5.23701	0.28450
5.21323	0.28452
5.18961	0.28455
5.16682	0.28455
5.14300	0.28455
5.11857	0.28457
5.09584	0.28460
5.07215	0.28462
5.04789	0.28466
5.02524	0.28468
5.00125	0.28470
4.97748	0.28475
4.95460	0.28477
4.93043	0.28480
4.90611	0.28484
4.88401	0.28486
4.85996	0.28490
4.83582	0.28496
4.81288	0.28498
4.79101	0.28503
4.76724	0.28508
4.74443	0.28512
4.72012	0.28516
4.69638	0.28521
4.67366	0.28524
4.64926	0.28531
4.62570	0.28536
4.60285	0.28540
4.57900	0.28545
4.55551	0.28551
4.53230	0.28557
4.50777	0.28564
4.48479	0.28569
4.46138	0.28572
4.43718	0.28578
4.41384	0.28582
4.39127	0.28588
4.36746	0.28594
4.34431	0.28599
4.32047	0.28604
4.29632	0.28610
4.27387	0.28615
4.24974	0.28620
4.22542	0.28625
4.20301	0.28631
4.17976	0.28635
4.15550	0.28641
4.13295	0.28647
4.10850	0.28652
4.08459	0.28655
4.06214	0.28662
4.03799	0.28666
4.01374	0.28670
3.99426	0.28676
3.97057	0.28680
3.94624	0.28685
3.92351	0.28689
3.89923	0.28693
3.87567	0.28699
3.85253	0.28703
3.82833	0.28708
3.80553	0.28711
3.78404	0.28715
3.75969	0.28720
3.73630	0.28723
3.71291	0.28727
3.68863	0.28731
3.66563	0.28734
3.64221	0.28737
3.61782	0.28742
3.59510	0.28744
3.57187	0.28747
3.54758	0.28750
3.52444	0.28753
3.50071	0.28757
3.47691	0.28760
3.45370	0.28761
3.42990	0.28765
3.40582	0.28767
3.38418	0.28768
3.36007	0.28772
3.33587	0.28775
3.31305	0.28777
3.28911	0.28779
3.26498	0.28781
3.24251	0.28785
3.21820	0.28787
3.19454	0.28790
3.17222	0.28793
3.14782	0.28795
3.12396	0.28796
3.10090	0.28798
3.07714	0.28799
3.05322	0.28801
3.03025	0.28803
3.00629	0.28805
2.98283	0.28807
2.95981	0.28809
2.93518	0.28811
2.91168	0.28813
2.88823	0.28815
2.86430	0.28817
2.84136	0.28818
2.81779	0.28819
2.79540	0.28821
2.77298	0.28824
2.74910	0.28825
2.72491	0.28826
2.70190	0.28826
2.67832	0.28827
2.65416	0.28829
2.63142	0.28830
2.60718	0.28831
2.58358	0.28831
2.56121	0.28834
2.53701	0.28835
2.51252	0.28836
2.48995	0.28837
2.46613	0.28836
2.44181	0.28839
2.41923	0.28841
2.39571	0.28841
2.37236	0.28843
2.34930	0.28843
2.32523	0.28845
2.30122	0.28846
2.27861	0.28847
2.25438	0.28847
2.23092	0.28849
2.20760	0.28847
2.18379	0.28848
2.16066	0.28850
2.13739	0.28850
2.11292	0.28851
2.08965	0.28853
2.06653	0.28855
2.04192	0.28855
2.01886	0.28855
1.99749	0.28856
1.97443	0.28856
1.95142	0.28857
1.92746	0.28858
1.90304	0.28859
1.88078	0.28857
1.85658	0.28861
1.83242	0.28859
1.80954	0.28860
1.78769	0.28861
1.76370	0.28860
1.74108	0.28862
1.71674	0.28862
1.69278	0.28861
1.67046	0.28862
1.64596	0.28863
1.62219	0.28866
1.59938	0.28863
1.57570	0.28866
1.55198	0.28865
1.52901	0.28865
1.50448	0.28866
1.48127	0.28866
1.45809	0.28867
1.43388	0.28867
1.41032	0.28867
1.38799	0.28868
1.36413	0.28869
1.34089	0.28869
1.31797	0.28867
1.29306	0.28870
1.27044	0.28871
1.24654	0.28870
1.22217	0.28869
1.19961	0.28871
1.17622	0.28872
1.15191	0.28870
1.12934	0.28873
1.10490	0.28873
1.08098	0.28870
1.05853	0.28877
1.03428	0.28873
1.01016	0.28873
0.98765	0.28874
0.96393	0.28873
0.93978	0.28875
0.91725	0.28875
0.89341	0.28875
0.86957	0.28874
0.84699	0.28877
0.82220	0.28878
0.79908	0.28878
0.77778	0.28879
0.75346	0.28876
0.72988	0.28881
0.70656	0.28881
0.68249	0.28877
0.65924	0.28882
0.63605	0.28877
0.61159	0.28878
0.58875	0.28881
0.56564	0.28879
0.54126	0.28884
0.51812	0.28883
0.49453	0.28882
0.47071	0.28884
0.44742	0.28882
0.42373	0.28883
0.39998	0.28882
0.37800	0.28884
0.35431	0.28883
0.33016	0.28882
0.30699	0.28885
0.28334	0.28884
0.25945	0.28886
0.23667	0.28885
0.21241	0.28884
0.18869	0.28884
0.16659	0.28883
0.14217	0.28884
0.11807	0.28885
0.09520	0.28885
0.07147	0.28886
0.04715	0.28886
0.02459	0.28886
0.00291	0.28885
0.01487	0.28886
0.03753	0.28887
0.06182	0.28885
0.08552	0.28885
0.10821	0.28885
0.13265	0.28887
0.15662	0.28885
0.17926	0.28886
0.20291	0.28884
0.22679	0.28882
0.24934	0.28883
0.27363	0.28883
0.29709	0.28884
0.32012	0.28883
0.34422	0.28882
0.36814	0.28884
0.39069	0.28884
0.41404	0.28886
0.43759	0.28885
0.46104	0.28883
0.48527	0.28881
0.50832	0.28882
0.53214	0.28882
0.55634	0.28883
0.57931	0.28882
0.60239	0.28884
0.62678	0.28882
0.64952	0.28881
0.67366	0.28881
0.69738	0.28882
0.72011	0.28881
0.74428	0.28881
0.76867	0.28881
0.79081	0.28880
0.81283	0.28882
0.83720	0.28879
0.85988	0.28876
0.88386	0.28879
0.90781	0.28878
0.93082	0.28876
0.95494	0.28878
0.97883	0.28877
1.00151	0.28876
1.02588	0.28877
1.04932	0.28875
1.07241	0.28875
1.09690	0.28875
1.12013	0.28872
1.14379	0.28873
1.16813	0.28873
1.19080	0.28872
1.21406	0.28874
1.23840	0.28872
1.26127	0.28872
1.28504	0.28872
1.30898	0.28871
1.33193	0.28871
1.35601	0.28871
1.38020	0.28870
1.40185	0.28870
1.42590	0.28869
1.44997	0.28869
1.47281	0.28870
1.49655	0.28869
1.52074	0.28867
1.54352	0.28867
1.56777	0.28866
1.59128	0.28865
1.61373	0.28865
1.63805	0.28865
1.66185	0.28864
1.68469	0.28866
1.70836	0.28865
1.73247	0.28864
1.75589	0.28862
1.78040	0.28862
1.80195	0.28862
1.82462	0.28860
1.84885	0.28860
1.87211	0.28857
1.89550	0.28857
1.91967	0.28857
1.94268	0.28854
1.96677	0.28856
1.99056	0.28855
2.01021	0.28852
2.03434	0.28854
2.05843	0.28851
2.08060	0.28852
2.10451	0.28852
2.12895	0.28851
2.15146	0.28851
2.17577	0.28851
2.19940	0.28850
2.22184	0.28848
2.24606	0.28849
2.27033	0.28846
2.29205	0.28845
2.31641	0.28844
2.34060	0.28844
2.36291	0.28844
2.38692	0.28843
2.40980	0.28841
2.43270	0.28838
2.45679	0.28837
2.48102	0.28837
2.50401	0.28835
2.52858	0.28835
2.55194	0.28833
2.57542	0.28832
2.59916	0.28832
2.62219	0.28829
2.64566	0.28831
2.67008	0.28828
2.69276	0.28824
2.71632	0.28825
2.74086	0.28822
2.76370	0.28823
2.78695	0.28821
2.80883	0.28818
2.83203	0.28821
2.85593	0.28816
2.88002	0.28815
2.90236	0.28813
2.92673	0.28810
2.95092	0.28811
2.97377	0.28808
2.99755	0.28806
3.02146	0.28805
3.04447	0.28802
3.06885	0.28801
3.09238	0.28799
3.11530	0.28797
3.13969	0.28795
3.16345	0.28794
3.18624	0.28790
3.20986	0.28789
3.23359	0.28787
3.25659	0.28783
3.28104	0.28781
3.30404	0.28779
3.32754	0.28776
3.35168	0.28773
3.37526	0.28771
3.39839	0.28769
3.42196	0.28765
3.44478	0.28761
3.46904	0.28755
3.49254	0.28759
3.51543	0.28749
3.53974	0.28751
3.56386	0.28747
3.58636	0.28741
3.60985	0.28742
3.63427	0.28737
3.65681	0.28729
3.68102	0.28729
3.70488	0.28722
3.72763	0.28723
3.75182	0.28719
3.77599	0.28717
3.79823	0.28709
3.82043	0.28707
3.84434	0.28699
3.86742	0.28698
3.89136	0.28693
3.91475	0.28689
3.93757	0.28685
3.96169	0.28680
3.98551	0.28677
4.00620	0.28672
4.02922	0.28664
4.05278	0.28664
4.07603	0.28654
4.09993	0.28652
4.12349	0.28645
4.14672	0.28641
4.17074	0.28638
4.19387	0.28630
4.21665	0.28629
4.24117	0.28623
4.26440	0.28615
4.28753	0.28612
4.31164	0.28602
4.33503	0.28599
4.35850	0.28593
4.38258	0.28591
4.40474	0.28581
4.42799	0.28581
4.45219	0.28572
4.47539	0.28570
4.49880	0.28563
4.52302	0.28556
4.54597	0.28553
4.57005	0.28547
4.59381	0.28541
4.61674	0.28538
4.64116	0.28533
4.66517	0.28527
4.68779	0.28520
4.71182	0.28516
4.73587	0.28513
4.75872	0.28508
4.78298	0.28505
4.80531	0.28501
4.82738	0.28496
4.85163	0.28492
4.87533	0.28489
4.89819	0.28484
4.92252	0.28481
4.94600	0.28477
4.96938	0.28475
4.99358	0.28474
5.03693	0.28471
5.06067	0.28466
5.08495	0.28462
5.10740	0.28461
5.13150	0.28460
5.15577	0.28458
5.17854	0.28457
5.20225	0.28455
5.22613	0.28455
5.24887	0.28454
5.27309	0.28453
5.29682	0.28454
5.31940	0.28453
5.34383	0.28454
5.36775	0.28454
5.39050	0.28454
5.41366	0.28454
5.43749	0.28455
5.46053	0.28457
5.48482	0.28459
5.50799	0.28461
5.53123	0.28462
5.55557	0.28463
5.57886	0.28465
5.60155	0.28468
5.62557	0.28471
5.64904	0.28474
5.67241	0.28475
5.69639	0.28482
5.71943	0.28484
5.74354	0.28488
5.76803	0.28492
5.79139	0.28496
5.81550	0.28501
5.83957	0.28505
5.86886	0.28511
5.89335	0.28515
5.91693	0.28520
5.94061	0.28525
5.96492	0.28530
5.99072	0.28535
6.01335	0.28541
6.03718	0.28545
6.06554	0.28551
6.10880	0.28561
6.13465	0.28567
6.16485	0.28572
6.20152	0.28580
6.24881	0.28593
6.27783	0.28596
6.30198	0.28605
6.32629	0.28611
6.34930	0.28616
6.37312	0.28621
6.39707	0.28628
6.41899	0.28631
6.44336	0.28637
6.46755	0.28643
6.48999	0.28646
6.51407	0.28651
6.53853	0.28656
6.56108	0.28662
6.58530	0.28665
6.60881	0.28669
6.63142	0.28675
6.65559	0.28680
6.67971	0.28684
6.70228	0.28688
6.72646	0.28692
6.75003	0.28697
6.77292	0.28701
6.79688	0.28705
6.81842	0.28708
6.84173	0.28712
6.86557	0.28714
6.88920	0.28717
6.91197	0.28721
6.93658	0.28725
6.95995	0.28729
6.98329	0.28733
7.00736	0.28735
7.03039	0.28738
7.05382	0.28741
7.07847	0.28745
7.10123	0.28749
7.12500	0.28751
7.14943	0.28754
7.17223	0.28756
7.19593	0.28759
7.21952	0.28762
7.24254	0.28764
7.26654	0.28767
7.29077	0.28769
7.31301	0.28773
7.33728	0.28775
7.36147	0.28777
7.38427	0.28779
7.40780	0.28782
7.43129	0.28783
7.45392	0.28786
7.47859	0.28787
7.50223	0.28788
7.52535	0.28791
7.54996	0.28794
7.57329	0.28795
7.59672	0.28798
7.62041	0.28799
7.64348	0.28800
7.66659	0.28801
7.69115	0.28803
7.71395	0.28805
7.73782	0.28807
7.76193	0.28807
7.78509	0.28810
7.80816	0.28812
7.83071	0.28813
7.85348	0.28815
7.87757	0.28816
7.90152	0.28817
7.92426	0.28818
7.94861	0.28819
7.97277	0.28821
7.99522	0.28824
8.01297	0.28825
8.03557	0.28825
8.05816	0.28826
8.08249	0.28829
8.10611	0.28829
8.12908	0.28830
8.15330	0.28830
8.17718	0.28831
8.19985	0.28833
8.22372	0.28833
8.24736	0.28834
8.27048	0.28835
8.29460	0.28835
8.31780	0.28837
8.34142	0.28837
8.36568	0.28838
8.38882	0.28840
8.41128	0.28840
8.43525	0.28841
8.45837	0.28843
8.48193	0.28843
8.50594	0.28843
8.52914	0.28846
8.55281	0.28846
8.57720	0.28847
8.59985	0.28848
8.62318	0.28848
8.64765	0.28848
8.67037	0.28848
8.69413	0.28850
8.71858	0.28852
8.74178	0.28853
8.76562	0.28852
8.78997	0.28852
8.81110	0.28852
8.83477	0.28852
8.85873	0.28855
8.88210	0.28854
8.90610	0.28855
8.92973	0.28855
8.95330	0.28856
8.97770	0.28857
9.00048	0.28858
9.02409	0.28858
9.04830	0.28860
9.07120	0.28860
9.09495	0.28860
9.11898	0.28861
9.14177	0.28862
9.16561	0.28861
9.18988	0.28862
9.21198	0.28863
9.23556	0.28864
9.25977	0.28863
9.28278	0.28864
9.30638	0.28864
9.33062	0.28864
9.35326	0.28864
9.37761	0.28864
9.40144	0.28865
9.42312	0.28865
9.44746	0.28867
9.47167	0.28867
9.49414	0.28868
9.51819	0.28868
9.54242	0.28868
9.56525	0.28868
9.58973	0.28868
9.61293	0.28869
9.63590	0.28869
9.66018	0.28870
9.68389	0.28870
9.70672	0.28870
9.73115	0.28870
9.75445	0.28871
9.77789	0.28871
9.80200	0.28871
9.82286	0.28872
9.84676	0.28872
9.87098	0.28873
9.89389	0.28873
9.91749	0.28873
9.94195	0.28873
9.96473	0.28874
9.98891	0.28874
10.01187	0.28874
10.00338	0.28875
9.97949	0.28874
9.95511	0.28873
9.93253	0.28874
9.90822	0.28872
9.88436	0.28872
9.86153	0.28871
9.83738	0.28871
9.81404	0.28872
9.79279	0.28872
9.76855	0.28872
9.74480	0.28872
9.72155	0.28871
9.69758	0.28871
9.67410	0.28871
9.65098	0.28872
9.62732	0.28870
9.60352	0.28870
9.58057	0.28870
9.55617	0.28869
9.53288	0.28868
9.50925	0.28868
9.48538	0.28868
9.46203	0.28867
9.43857	0.28866
9.41445	0.28867
9.39232	0.28866
9.36871	0.28866
9.34451	0.28866
9.32139	0.28864
9.29758	0.28864
9.27354	0.28864
9.25096	0.28864
9.22662	0.28863
9.20288	0.28863
9.18065	0.28861
9.15620	0.28860
9.13207	0.28861
9.10940	0.28860
9.08544	0.28861
9.06131	0.28861
9.03862	0.28860
9.01458	0.28859
8.99080	0.28859
8.96795	0.28859
8.94370	0.28858
8.91982	0.28858
8.89670	0.28858
8.87279	0.28856
8.84909	0.28856
8.82592	0.28854
8.80326	0.28853
8.78073	0.28852
8.75717	0.28851
8.73275	0.28850
8.70956	0.28849
8.68637	0.28849
8.66197	0.28847
8.63905	0.28846
8.61512	0.28846
8.59143	0.28844
8.56881	0.28844
8.54481	0.28844
8.52048	0.28844
8.49763	0.28843
8.47397	0.28842
8.44931	0.28841
8.42658	0.28840
8.40311	0.28840
8.37958	0.28837
8.35667	0.28837
8.33247	0.28837
8.30845	0.28835
8.28597	0.28835
8.26164	0.28834
8.23799	0.28833
8.21467	0.28834
8.19099	0.28832
8.16775	0.28831
8.14460	0.28831
8.12001	0.28829
8.09667	0.28827
8.07370	0.28827
8.04915	0.28826
8.02601	0.28825
8.00825	0.28823
7.98658	0.28822
7.96326	0.28821
7.93965	0.28819
7.91525	0.28818
7.89252	0.28817
7.86876	0.28814
7.84460	0.28814
7.82153	0.28812
7.79983	0.28812
7.77580	0.28811
7.75323	0.28808
7.72895	0.28808
7.70479	0.28805
7.68248	0.28803
7.65808	0.28802
7.63399	0.28799
7.61159	0.28797
7.58777	0.28795
7.56376	0.28792
7.54099	0.28792
7.51654	0.28790
7.49299	0.28788
7.47006	0.28786
7.44587	0.28784
7.42209	0.28783
7.39995	0.28779
7.37603	0.28778
7.35289	0.28775
7.32928	0.28772
7.30486	0.28770
7.28206	0.28768
7.25843	0.28765
7.23414	0.28763
7.21121	0.28759
7.18811	0.28758
7.16375	0.28757
7.14093	0.28755
7.11688	0.28751
7.09256	0.28749
7.05613	0.28747
