3.62766E+1	0.00000E+0	7.30717E-1
3.63951E+1	0.00000E+0	7.30778E-1
3.65223E+1	0.00000E+0	7.30778E-1
3.66439E+1	0.00000E+0	7.30778E-1
3.67675E+1	0.00000E+0	7.30778E-1
3.68979E+1	0.00000E+0	7.30717E-1
3.70327E+1	0.00000E+0	7.30717E-1
3.71553E+1	0.00000E+0	7.30717E-1
3.72857E+1	0.00000E+0	7.30717E-1
3.74096E+1	0.00000E+0	7.30717E-1
3.75325E+1	0.00000E+0	7.30717E-1
3.76579E+1	0.00000E+0	7.30717E-1
3.77800E+1	0.00000E+0	7.30717E-1
3.79190E+1	0.00000E+0	7.30717E-1
3.80527E+1	0.00000E+0	7.30717E-1
3.81782E+1	0.00000E+0	7.30717E-1
3.82990E+1	0.00000E+0	7.30717E-1
3.84345E+1	0.00000E+0	7.30717E-1
3.85584E+1	0.00000E+0	7.30717E-1
3.86899E+1	0.00000E+0	7.30717E-1
3.88252E+1	0.00000E+0	7.30717E-1
3.89395E+1	0.00000E+0	7.30717E-1
3.90803E+1	0.00000E+0	7.30717E-1
3.91974E+1	0.00000E+0	7.30656E-1
3.93327E+1	0.00000E+0	7.30717E-1
3.94608E+1	0.00000E+0	7.30717E-1
3.95823E+1	0.00000E+0	7.30656E-1
3.97221E+1	0.00000E+0	7.30717E-1
3.98475E+1	0.00000E+0	7.30656E-1
3.99803E+1	0.00000E+0	7.30656E-1
4.01065E+1	0.00000E+0	7.30656E-1
4.02304E+1	0.00000E+0	7.30656E-1
4.03564E+1	0.00000E+0	7.30656E-1
4.04909E+1	0.00000E+0	7.30656E-1
4.06270E+1	0.00000E+0	7.30656E-1
4.07499E+1	0.00000E+0	7.30656E-1
4.08758E+1	0.00000E+0	7.30595E-1
4.10114E+1	0.00000E+0	7.30595E-1
4.11325E+1	0.00000E+0	7.30595E-1
4.12595E+1	0.00000E+0	7.30595E-1
4.13883E+1	0.00000E+0	7.30595E-1
4.15145E+1	0.00000E+0	7.30595E-1
4.16504E+1	0.00000E+0	7.30595E-1
4.17774E+1	0.00000E+0	7.30595E-1
4.19036E+1	0.00000E+0	7.30595E-1
4.20374E+1	0.00000E+0	7.30595E-1
4.21584E+1	0.00000E+0	7.30534E-1
4.22896E+1	0.00000E+0	7.30534E-1
4.24099E+1	0.00000E+0	7.30534E-1
4.25553E+1	0.00000E+0	7.30534E-1
4.26787E+1	0.00000E+0	7.30534E-1
4.27990E+1	0.00000E+0	7.30534E-1
4.29247E+1	0.00000E+0	7.30534E-1
4.30548E+1	0.00000E+0	7.30534E-1
4.31831E+1	0.00000E+0	7.30534E-1
4.33127E+1	0.00000E+0	7.30534E-1
4.34387E+1	0.00000E+0	7.30534E-1
4.35631E+1	0.00000E+0	7.30534E-1
4.36992E+1	0.00000E+0	7.30473E-1
4.38221E+1	0.00000E+0	7.30473E-1
4.39379E+1	0.00000E+0	7.30473E-1
4.40725E+1	0.00000E+0	7.30473E-1
4.41912E+1	0.00000E+0	7.30473E-1
4.43158E+1	0.00000E+0	7.30473E-1
4.44551E+1	0.00000E+0	7.30473E-1
4.45738E+1	0.00000E+0	7.30473E-1
4.47039E+1	0.00000E+0	7.30412E-1
4.48195E+1	0.00000E+0	7.30412E-1
4.49545E+1	0.00000E+0	7.30412E-1
4.50735E+1	0.00000E+0	7.30412E-1
4.51940E+1	0.00000E+0	7.30350E-1
4.53291E+1	0.00000E+0	7.30350E-1
4.54587E+1	0.00000E+0	7.30350E-1
4.55821E+1	0.00000E+0	7.30350E-1
4.56997E+1	0.00000E+0	7.30350E-1
4.58288E+1	0.00000E+0	7.30350E-1
4.59488E+1	0.00000E+0	7.30350E-1
4.60714E+1	0.00000E+0	7.30350E-1
4.62060E+1	0.00000E+0	7.30289E-1
4.63210E+1	0.00000E+0	7.30350E-1
4.64452E+1	0.00000E+0	7.30289E-1
4.65735E+1	0.00000E+0	7.30289E-1
4.66883E+1	0.00000E+0	7.30289E-1
4.68216E+1	0.00000E+0	7.30289E-1
4.69364E+1	0.00000E+0	7.30289E-1
4.70642E+1	0.00000E+0	7.30289E-1
4.71881E+1	0.00000E+0	7.30289E-1
4.73171E+1	0.00000E+0	7.30228E-1
4.74273E+1	0.00000E+0	7.30228E-1
4.75551E+1	0.00000E+0	7.30228E-1
4.76777E+1	0.00000E+0	7.30228E-1
4.77974E+1	0.00000E+0	7.30228E-1
4.79200E+1	0.00000E+0	7.30228E-1
4.80509E+1	0.00000E+0	7.30228E-1
4.81662E+1	0.00000E+0	7.30228E-1
4.82875E+1	0.00000E+0	7.30228E-1
4.84091E+1	0.00000E+0	7.30228E-1
4.85299E+1	0.00000E+0	7.30167E-1
4.86558E+1	0.00000E+0	7.30167E-1
4.87732E+1	0.00000E+0	7.30167E-1
4.88894E+1	0.00000E+0	7.30167E-1
4.90255E+1	0.00000E+0	7.30167E-1
4.91400E+1	0.00000E+0	7.30167E-1
4.92642E+1	0.00000E+0	7.30167E-1
4.93797E+1	0.00000E+0	7.30167E-1
4.94987E+1	0.00000E+0	7.30167E-1
4.96174E+1	0.00000E+0	7.30167E-1
4.97387E+1	0.00000E+0	7.30167E-1
4.98706E+1	0.00000E+0	7.30167E-1
4.99857E+1	0.00000E+0	7.30106E-1
5.01122E+1	0.00000E+0	7.30106E-1
5.02281E+1	0.00000E+0	7.30106E-1
5.03366E+1	0.00000E+0	7.30106E-1
5.04600E+1	0.00000E+0	7.30106E-1
5.05792E+1	0.00000E+0	7.30106E-1
5.06997E+1	0.00000E+0	7.30106E-1
5.08270E+1	0.00000E+0	7.30106E-1
5.09496E+1	0.00000E+0	7.30106E-1
5.10621E+1	0.00000E+0	7.30106E-1
5.11769E+1	0.00000E+0	7.30106E-1
5.12927E+1	0.00000E+0	7.30045E-1
5.14104E+1	0.00000E+0	7.30045E-1
5.15265E+1	0.00000E+0	7.30045E-1
5.16532E+1	0.00000E+0	7.29984E-1
5.17761E+1	0.00000E+0	7.29984E-1
5.18870E+1	0.00000E+0	7.29984E-1
5.20060E+1	0.00000E+0	7.29984E-1
5.21200E+1	0.00000E+0	7.29984E-1
5.22426E+1	0.00000E+0	7.29984E-1
5.23626E+1	0.00000E+0	7.29984E-1
5.24805E+1	0.00000E+0	7.29984E-1
5.26042E+1	0.00000E+0	7.29984E-1
5.27078E+1	0.00000E+0	7.29984E-1
5.28273E+1	0.00000E+0	7.29984E-1
5.29509E+1	0.00000E+0	7.29984E-1
5.30629E+1	0.00000E+0	7.29923E-1
5.31831E+1	0.00000E+0	7.29923E-1
5.33044E+1	0.00000E+0	7.29923E-1
5.34216E+1	0.00000E+0	7.29923E-1
5.35371E+1	0.00000E+0	7.29923E-1
5.36465E+1	0.00000E+0	7.29923E-1
5.37600E+1	0.00000E+0	7.29923E-1
5.38766E+1	0.00000E+0	7.29923E-1
5.39857E+1	0.00000E+0	7.29923E-1
5.41086E+1	0.00000E+0	7.29923E-1
5.42356E+1	0.00000E+0	7.29923E-1
5.43444E+1	0.00000E+0	7.29923E-1
5.44574E+1	0.00000E+0	7.29923E-1
5.45787E+1	0.00000E+0	7.29862E-1
5.46927E+1	0.00000E+0	7.29862E-1
5.48008E+1	0.00000E+0	7.29862E-1
5.49229E+1	0.00000E+0	7.29862E-1
5.50369E+1	0.00000E+0	7.29862E-1
5.51569E+1	0.00000E+0	7.29862E-1
5.52634E+1	0.00000E+0	7.29862E-1
5.53792E+1	0.00000E+0	7.29862E-1
5.54984E+1	0.00000E+0	7.29862E-1
5.56122E+1	0.00000E+0	7.29862E-1
5.57143E+1	0.00000E+0	7.29862E-1
5.58286E+1	0.00000E+0	7.29862E-1
5.59543E+1	0.00000E+0	7.29862E-1
5.60657E+1	0.00000E+0	7.29862E-1
5.61823E+1	0.00000E+0	7.29862E-1
5.62971E+1	0.00000E+0	7.29862E-1
5.64106E+1	0.00000E+0	7.29801E-1
5.65166E+1	0.00000E+0	7.29862E-1
5.66304E+1	0.00000E+0	7.29862E-1
5.67488E+1	0.00000E+0	7.29862E-1
5.68553E+1	0.00000E+0	7.29862E-1
5.69725E+1	0.00000E+0	7.29801E-1
5.70904E+1	0.00000E+0	7.29801E-1
5.71932E+1	0.00000E+0	7.29801E-1
5.73055E+1	0.00000E+0	7.29801E-1
5.74166E+1	0.00000E+0	7.29801E-1
5.75379E+1	0.00000E+0	7.29801E-1
5.76551E+1	0.00000E+0	7.29801E-1
5.77613E+1	0.00000E+0	7.29801E-1
5.78686E+1	0.00000E+0	7.29801E-1
5.79909E+1	0.00000E+0	7.29801E-1
5.81029E+1	0.00000E+0	7.29801E-1
5.82068E+1	0.00000E+0	7.29801E-1
5.83135E+1	0.00000E+0	7.29801E-1
5.84348E+1	0.00000E+0	7.29801E-1
5.85449E+1	0.00000E+0	7.29801E-1
5.86538E+1	0.00000E+0	7.29740E-1
5.87600E+1	0.00000E+0	7.29740E-1
5.88753E+1	0.00000E+0	7.29740E-1
5.89873E+1	0.00000E+0	7.29740E-1
5.91010E+1	0.00000E+0	7.29740E-1
5.92083E+1	0.00000E+0	7.29740E-1
5.93278E+1	0.00000E+0	7.29740E-1
5.94374E+1	0.00000E+0	7.29740E-1
5.95481E+1	0.00000E+0	7.29740E-1
5.96496E+1	0.00000E+0	7.29740E-1
5.97675E+1	0.00000E+0	7.29740E-1
5.99140E+1	0.00000E+0	7.29740E-1
6.00223E+1	0.00000E+0	7.29740E-1
6.01229E+1	0.00000E+0	7.29740E-1
6.02340E+1	0.00000E+0	7.29740E-1
6.03553E+1	0.00000E+0	7.29740E-1
6.04577E+1	0.00000E+0	7.29740E-1
6.05745E+1	0.00000E+0	7.29740E-1
6.06808E+1	0.00000E+0	7.29740E-1
6.08247E+1	0.00000E+0	7.29740E-1
6.09361E+1	0.00000E+0	7.29740E-1
6.10416E+1	0.00000E+0	7.29679E-1
6.11460E+1	0.00000E+0	7.29679E-1
6.12558E+1	0.00000E+0	7.29679E-1
6.13644E+1	0.00000E+0	7.29679E-1
6.14818E+1	0.00000E+0	7.29679E-1
6.15891E+1	0.00000E+0	7.29679E-1
6.17353E+1	0.00000E+0	7.29679E-1
6.18766E+1	0.00000E+0	7.29679E-1
6.19805E+1	0.00000E+0	7.29679E-1
6.20868E+1	0.00000E+0	7.29679E-1
6.21935E+1	0.00000E+0	7.29618E-1
6.22958E+1	0.00000E+0	7.29618E-1
6.24044E+1	0.00000E+0	7.29618E-1
6.25161E+1	0.00000E+0	7.29618E-1
6.26171E+1	0.00000E+0	7.29618E-1
6.27356E+1	0.00000E+0	7.29618E-1
6.28429E+1	0.00000E+0	7.29618E-1
6.29808E+1	0.00000E+0	7.29618E-1
6.30917E+1	0.00000E+0	7.29618E-1
6.31956E+1	0.00000E+0	7.29618E-1
6.32966E+1	0.00000E+0	7.29618E-1
6.34016E+1	0.00000E+0	7.29618E-1
6.35135E+1	0.00000E+0	7.29618E-1
6.36197E+1	0.00000E+0	7.29618E-1
6.37330E+1	0.00000E+0	7.29618E-1
6.38361E+1	0.00000E+0	7.29618E-1
6.39361E+1	0.00000E+0	7.29618E-1
6.40408E+1	0.00000E+0	7.29618E-1
6.41831E+1	0.00000E+0	7.29618E-1
6.43255E+1	0.00000E+0	7.29618E-1
6.44327E+1	0.00000E+0	7.29618E-1
6.45345E+1	0.00000E+0	7.29618E-1
6.46712E+1	0.00000E+0	7.29618E-1
6.47800E+1	0.00000E+0	7.29618E-1
6.48868E+1	0.00000E+0	7.29618E-1
6.50249E+1	0.00000E+0	7.29618E-1
6.51262E+1	0.00000E+0	7.29618E-1
6.52317E+1	0.00000E+0	7.29618E-1
6.53338E+1	0.00000E+0	7.29618E-1
6.54460E+1	0.00000E+0	7.29618E-1
6.55532E+1	0.00000E+0	7.29618E-1
6.56566E+1	0.00000E+0	7.29618E-1
6.57626E+1	0.00000E+0	7.29557E-1
6.58919E+1	0.00000E+0	7.29618E-1
6.59984E+1	0.00000E+0	7.29557E-1
6.61055E+1	0.00000E+0	7.29557E-1
6.62096E+1	0.00000E+0	7.29557E-1
6.63408E+1	0.00000E+0	7.29557E-1
6.64517E+1	0.00000E+0	7.29557E-1
6.65901E+1	0.00000E+0	7.29557E-1
6.66943E+1	0.00000E+0	7.29557E-1
6.68317E+1	0.00000E+0	7.29557E-1
6.69353E+1	0.00000E+0	7.29557E-1
6.70709E+1	0.00000E+0	7.29557E-1
6.72039E+1	0.00000E+0	7.29557E-1
6.73125E+1	0.00000E+0	7.29557E-1
6.74486E+1	0.00000E+0	7.29557E-1
6.75538E+1	0.00000E+0	7.29557E-1
6.76860E+1	0.00000E+0	7.29557E-1
6.77868E+1	0.00000E+0	7.29557E-1
6.79218E+1	0.00000E+0	7.29557E-1
6.80325E+1	0.00000E+0	7.29557E-1
6.81610E+1	0.00000E+0	7.29557E-1
6.82717E+1	0.00000E+0	7.29557E-1
6.84049E+1	0.00000E+0	7.29557E-1
6.85325E+1	0.00000E+0	7.29557E-1
6.86382E+1	0.00000E+0	7.29557E-1
6.87649E+1	0.00000E+0	7.29557E-1
6.88735E+1	0.00000E+0	7.29557E-1
6.89784E+1	0.00000E+0	7.29557E-1
6.91166E+1	0.00000E+0	7.29557E-1
6.92421E+1	0.00000E+0	7.29557E-1
6.93473E+1	0.00000E+0	7.29557E-1
6.94517E+1	0.00000E+0	7.29557E-1
6.95530E+1	0.00000E+0	7.29557E-1
6.96896E+1	0.00000E+0	7.29557E-1
6.98171E+1	0.00000E+0	7.29557E-1
6.99187E+1	0.00000E+0	7.29557E-1
7.00216E+1	0.00000E+0	7.29557E-1
7.01538E+1	0.00000E+0	7.29557E-1
7.02821E+1	0.00000E+0	7.29557E-1
7.03836E+1	0.00000E+0	7.29557E-1
7.04842E+1	0.00000E+0	7.29557E-1
7.05862E+1	0.00000E+0	7.29557E-1
7.07171E+1	0.00000E+0	7.29557E-1
7.08218E+1	0.00000E+0	7.29557E-1
7.09429E+1	0.00000E+0	7.29557E-1
7.10470E+1	0.00000E+0	7.29557E-1
7.11870E+1	0.00000E+0	7.29557E-1
7.13218E+1	0.00000E+0	7.29557E-1
7.14429E+1	0.00000E+0	7.29557E-1
7.15756E+1	0.00000E+0	7.29557E-1
7.16761E+1	0.00000E+0	7.29557E-1
7.17803E+1	0.00000E+0	7.29557E-1
7.19094E+1	0.00000E+0	7.29557E-1
7.20356E+1	0.00000E+0	7.29557E-1
7.21395E+1	0.00000E+0	7.29557E-1
7.22431E+1	0.00000E+0	7.29557E-1
7.23688E+1	0.00000E+0	7.29557E-1
7.24706E+1	0.00000E+0	7.29557E-1
7.25992E+1	0.00000E+0	7.29557E-1
7.27299E+1	0.00000E+0	7.29557E-1
7.28590E+1	0.00000E+0	7.29557E-1
7.29935E+1	0.00000E+0	7.29557E-1
7.31216E+1	0.00000E+0	7.29557E-1
7.32584E+1	0.00000E+0	7.29557E-1
7.33836E+1	0.00000E+0	7.29557E-1
7.35094E+1	0.00000E+0	7.29557E-1
7.36109E+1	0.00000E+0	7.29557E-1
7.37122E+1	0.00000E+0	7.29557E-1
7.38364E+1	0.00000E+0	7.29557E-1
7.39634E+1	0.00000E+0	7.29557E-1
7.40956E+1	0.00000E+0	7.29557E-1
7.42236E+1	0.00000E+0	7.29557E-1
7.43548E+1	0.00000E+0	7.29557E-1
7.44823E+1	0.00000E+0	7.29557E-1
7.46086E+1	0.00000E+0	7.29557E-1
7.47132E+1	0.00000E+0	7.29557E-1
7.48301E+1	0.00000E+0	7.29557E-1
7.49379E+1	0.00000E+0	7.29557E-1
7.50545E+1	0.00000E+0	7.29557E-1
7.51608E+1	0.00000E+0	7.29557E-1
7.52821E+1	0.00000E+0	7.29557E-1
7.53849E+1	0.00000E+0	7.29557E-1
7.55057E+1	0.00000E+0	7.29557E-1
7.56335E+1	0.00000E+0	7.29557E-1
7.57358E+1	0.00000E+0	7.29557E-1
7.58582E+1	0.00000E+0	7.29557E-1
7.59914E+1	0.00000E+0	7.29557E-1
7.61179E+1	0.00000E+0	7.29557E-1
7.62410E+1	0.00000E+0	7.29557E-1
7.63421E+1	0.00000E+0	7.29557E-1
7.64647E+1	0.00000E+0	7.29557E-1
7.65995E+1	0.00000E+0	7.29557E-1
7.67205E+1	0.00000E+0	7.29557E-1
7.68356E+1	0.00000E+0	7.29557E-1
7.69403E+1	0.00000E+0	7.29557E-1
7.70623E+1	0.00000E+0	7.29557E-1
7.71852E+1	0.00000E+0	7.29557E-1
7.72891E+1	0.00000E+0	7.29557E-1
7.74177E+1	0.00000E+0	7.29557E-1
7.75384E+1	0.00000E+0	7.29557E-1
7.76590E+1	0.00000E+0	7.29557E-1
7.77888E+1	0.00000E+0	7.29557E-1
7.79226E+1	0.00000E+0	7.29557E-1
7.80377E+1	0.00000E+0	7.29557E-1
7.81618E+1	0.00000E+0	7.29557E-1
7.82873E+1	0.00000E+0	7.29557E-1
7.83873E+1	0.00000E+0	7.29557E-1
7.85057E+1	0.00000E+0	7.29557E-1
7.86304E+1	0.00000E+0	7.29557E-1
7.87306E+1	0.00000E+0	7.29618E-1
7.88470E+1	0.00000E+0	7.29557E-1
7.89470E+1	0.00000E+0	7.29557E-1
7.90670E+1	0.00000E+0	7.29557E-1
7.91982E+1	0.00000E+0	7.29618E-1
7.93171E+1	0.00000E+0	7.29618E-1
7.94353E+1	0.00000E+0	7.29618E-1
7.95564E+1	0.00000E+0	7.29618E-1
7.96886E+1	0.00000E+0	7.29618E-1
7.98127E+1	0.00000E+0	7.29618E-1
7.99358E+1	0.00000E+0	7.29618E-1
8.00514E+1	0.00000E+0	7.29618E-1
8.01564E+1	0.00000E+0	7.29618E-1
8.02725E+1	0.00000E+0	7.29618E-1
8.03956E+1	0.00000E+0	7.29618E-1
8.05112E+1	0.00000E+0	7.29618E-1
8.06364E+1	0.00000E+0	7.29618E-1
8.07673E+1	0.00000E+0	7.29618E-1
8.08787E+1	0.00000E+0	7.29618E-1
8.09823E+1	0.00000E+0	7.29618E-1
8.10966E+1	0.00000E+0	7.29618E-1
8.12260E+1	0.00000E+0	7.29618E-1
8.13501E+1	0.00000E+0	7.29618E-1
8.14683E+1	0.00000E+0	7.29618E-1
8.15842E+1	0.00000E+0	7.29618E-1
8.17104E+1	0.00000E+0	7.29618E-1
8.18343E+1	0.00000E+0	7.29618E-1
8.19496E+1	0.00000E+0	7.29618E-1
8.20810E+1	0.00000E+0	7.29618E-1
8.21894E+1	0.00000E+0	7.29679E-1
8.23127E+1	0.00000E+0	7.29618E-1
8.24327E+1	0.00000E+0	7.29618E-1
8.25558E+1	0.00000E+0	7.29618E-1
8.26784E+1	0.00000E+0	7.29679E-1
8.27979E+1	0.00000E+0	7.29679E-1
8.28992E+1	0.00000E+0	7.29679E-1
8.30164E+1	0.00000E+0	7.29679E-1
8.31426E+1	0.00000E+0	7.29679E-1
8.32465E+1	0.00000E+0	7.29679E-1
8.33714E+1	0.00000E+0	7.29679E-1
8.35008E+1	0.00000E+0	7.29679E-1
8.36221E+1	0.00000E+0	7.29679E-1
8.37348E+1	0.00000E+0	7.29679E-1
8.38501E+1	0.00000E+0	7.29679E-1
8.39730E+1	0.00000E+0	7.29740E-1
8.40974E+1	0.00000E+0	7.29679E-1
8.42156E+1	0.00000E+0	7.29740E-1
8.43332E+1	0.00000E+0	7.29740E-1
8.44587E+1	0.00000E+0	7.29740E-1
8.45712E+1	0.00000E+0	7.29740E-1
8.46995E+1	0.00000E+0	7.29740E-1
8.48135E+1	0.00000E+0	7.29740E-1
8.49358E+1	0.00000E+0	7.29740E-1
8.50444E+1	0.00000E+0	7.29740E-1
8.51696E+1	0.00000E+0	7.29740E-1
8.52862E+1	0.00000E+0	7.29740E-1
8.54036E+1	0.00000E+0	7.29740E-1
8.55177E+1	0.00000E+0	7.29740E-1
8.56364E+1	0.00000E+0	7.29740E-1
8.57613E+1	0.00000E+0	7.29740E-1
8.58743E+1	0.00000E+0	7.29740E-1
8.59977E+1	0.00000E+0	7.29740E-1
8.61145E+1	0.00000E+0	7.29801E-1
8.62278E+1	0.00000E+0	7.29801E-1
8.63392E+1	0.00000E+0	7.29801E-1
8.64530E+1	0.00000E+0	7.29801E-1
8.65782E+1	0.00000E+0	7.29801E-1
8.66888E+1	0.00000E+0	7.29801E-1
8.68127E+1	0.00000E+0	7.29801E-1
8.69335E+1	0.00000E+0	7.29801E-1
8.70457E+1	0.00000E+0	7.29801E-1
8.71600E+1	0.00000E+0	7.29801E-1
8.72740E+1	0.00000E+0	7.29801E-1
8.74000E+1	0.00000E+0	7.29801E-1
8.75138E+1	0.00000E+0	7.29801E-1
8.76270E+1	0.00000E+0	7.29862E-1
8.77444E+1	0.00000E+0	7.29801E-1
8.78530E+1	0.00000E+0	7.29801E-1
8.79764E+1	0.00000E+0	7.29862E-1
8.80852E+1	0.00000E+0	7.29801E-1
8.82112E+1	0.00000E+0	7.29862E-1
8.83182E+1	0.00000E+0	7.29862E-1
8.84348E+1	0.00000E+0	7.29801E-1
8.85584E+1	0.00000E+0	7.29862E-1
8.86686E+1	0.00000E+0	7.29862E-1
8.87813E+1	0.00000E+0	7.29862E-1
8.88935E+1	0.00000E+0	7.29862E-1
8.90117E+1	0.00000E+0	7.29862E-1
8.91249E+1	0.00000E+0	7.29862E-1
8.92514E+1	0.00000E+0	7.29862E-1
8.93519E+1	0.00000E+0	7.29862E-1
8.94519E+1	0.00000E+0	7.29862E-1
8.95540E+1	0.00000E+0	7.29862E-1
8.96706E+1	0.00000E+0	7.29862E-1
8.97852E+1	0.00000E+0	7.29862E-1
8.99044E+1	0.00000E+0	7.29862E-1
9.00249E+1	0.00000E+0	7.29862E-1
9.01338E+1	0.00000E+0	7.29862E-1
9.02538E+1	0.00000E+0	7.29923E-1
9.03551E+1	0.00000E+0	7.29923E-1
9.04719E+1	0.00000E+0	7.29923E-1
9.05896E+1	0.00000E+0	7.29923E-1
9.07021E+1	0.00000E+0	7.29923E-1
9.08153E+1	0.00000E+0	7.29923E-1
9.09242E+1	0.00000E+0	7.29923E-1
9.10348E+1	0.00000E+0	7.29923E-1
9.11577E+1	0.00000E+0	7.29923E-1
9.12610E+1	0.00000E+0	7.29923E-1
9.13712E+1	0.00000E+0	7.29923E-1
9.14932E+1	0.00000E+0	7.29923E-1
9.15992E+1	0.00000E+0	7.29923E-1
9.17195E+1	0.00000E+0	7.29923E-1
9.18252E+1	0.00000E+0	7.29923E-1
9.19444E+1	0.00000E+0	7.29984E-1
9.20514E+1	0.00000E+0	7.29984E-1
9.21745E+1	0.00000E+0	7.29984E-1
9.22844E+1	0.00000E+0	7.29984E-1
9.23961E+1	0.00000E+0	7.29984E-1
9.25021E+1	0.00000E+0	7.29984E-1
9.26106E+1	0.00000E+0	7.29984E-1
9.27221E+1	0.00000E+0	7.29984E-1
9.28369E+1	0.00000E+0	7.29984E-1
9.29548E+1	0.00000E+0	7.29984E-1
9.30590E+1	0.00000E+0	7.29984E-1
9.31764E+1	0.00000E+0	7.29984E-1
9.32865E+1	0.00000E+0	7.29984E-1
9.33875E+1	0.00000E+0	7.29984E-1
9.35036E+1	0.00000E+0	7.29984E-1
9.36140E+1	0.00000E+0	7.30045E-1
9.37265E+1	0.00000E+0	7.30045E-1
9.38377E+1	0.00000E+0	7.30045E-1
9.39423E+1	0.00000E+0	7.30045E-1
9.40590E+1	0.00000E+0	7.30045E-1
9.41644E+1	0.00000E+0	7.30106E-1
9.42748E+1	0.00000E+0	7.30106E-1
9.43857E+1	0.00000E+0	7.30106E-1
9.44992E+1	0.00000E+0	7.30106E-1
9.46057E+1	0.00000E+0	7.30106E-1
9.47174E+1	0.00000E+0	7.30106E-1
9.48218E+1	0.00000E+0	7.30106E-1
9.49343E+1	0.00000E+0	7.30106E-1
9.50504E+1	0.00000E+0	7.30106E-1
9.51509E+1	0.00000E+0	7.30106E-1
9.52631E+1	0.00000E+0	7.30106E-1
9.53706E+1	0.00000E+0	7.30106E-1
9.54839E+1	0.00000E+0	7.30167E-1
9.55862E+1	0.00000E+0	7.30167E-1
9.56940E+1	0.00000E+0	7.30167E-1
9.58140E+1	0.00000E+0	7.30167E-1
9.59195E+1	0.00000E+0	7.30167E-1
9.60247E+1	0.00000E+0	7.30167E-1
9.61327E+1	0.00000E+0	7.30167E-1
9.62408E+1	0.00000E+0	7.30167E-1
9.63564E+1	0.00000E+0	7.30167E-1
9.64636E+1	0.00000E+0	7.30167E-1
9.65948E+1	0.00000E+0	7.30167E-1
9.67255E+1	0.00000E+0	7.30167E-1
9.68366E+1	0.00000E+0	7.30228E-1
9.69522E+1	0.00000E+0	7.30228E-1
9.70597E+1	0.00000E+0	7.30228E-1
9.71603E+1	0.00000E+0	7.30228E-1
9.72688E+1	0.00000E+0	7.30228E-1
9.73779E+1	0.00000E+0	7.30228E-1
9.74852E+1	0.00000E+0	7.30228E-1
9.75925E+1	0.00000E+0	7.30228E-1
9.76956E+1	0.00000E+0	7.30228E-1
9.77997E+1	0.00000E+0	7.30228E-1
9.79060E+1	0.00000E+0	7.30289E-1
9.80205E+1	0.00000E+0	7.30289E-1
9.81564E+1	0.00000E+0	7.30289E-1
9.82566E+1	0.00000E+0	7.30289E-1
9.83631E+1	0.00000E+0	7.30289E-1
9.84738E+1	0.00000E+0	7.30289E-1
9.85740E+1	0.00000E+0	7.30289E-1
9.86808E+1	0.00000E+0	7.30289E-1
9.87886E+1	0.00000E+0	7.30350E-1
9.88938E+1	0.00000E+0	7.30350E-1
9.90081E+1	0.00000E+0	7.30350E-1
9.91299E+1	0.00000E+0	7.30350E-1
9.92335E+1	0.00000E+0	7.30350E-1
9.93449E+1	0.00000E+0	7.30350E-1
9.94470E+1	0.00000E+0	7.30350E-1
9.95613E+1	0.00000E+0	7.30350E-1
9.96800E+1	0.00000E+0	7.30350E-1
9.97935E+1	0.00000E+0	7.30350E-1
9.99249E+1	0.00000E+0	7.30350E-1
1.00052E+2	0.00000E+0	7.30412E-1
1.00165E+2	0.00000E+0	7.30412E-1
1.00282E+2	0.00000E+0	7.30412E-1
1.00396E+2	0.00000E+0	7.30473E-1
1.00532E+2	0.00000E+0	7.30473E-1
1.00658E+2	0.00000E+0	7.30473E-1
1.00762E+2	0.00000E+0	7.30473E-1
1.00866E+2	0.00000E+0	7.30473E-1
1.00995E+2	0.00000E+0	7.30473E-1
1.01096E+2	0.00000E+0	7.30473E-1
1.01205E+2	0.00000E+0	7.30473E-1
1.01311E+2	0.00000E+0	7.30473E-1
1.01438E+2	0.00000E+0	7.30534E-1
1.01544E+2	0.00000E+0	7.30534E-1
1.01669E+2	0.00000E+0	7.30534E-1
1.01801E+2	0.00000E+0	7.30534E-1
1.01906E+2	0.00000E+0	7.30534E-1
1.02022E+2	0.00000E+0	7.30534E-1
1.02134E+2	0.00000E+0	7.30534E-1
1.02241E+2	0.00000E+0	7.30534E-1
1.02360E+2	0.00000E+0	7.30534E-1
1.02465E+2	0.00000E+0	7.30534E-1
1.02568E+2	0.00000E+0	7.30534E-1
1.02671E+2	0.00000E+0	7.30595E-1
1.02773E+2	0.00000E+0	7.30595E-1
1.02893E+2	0.00000E+0	7.30595E-1
1.03005E+2	0.00000E+0	7.30595E-1
1.03107E+2	0.00000E+0	7.30595E-1
1.03207E+2	0.00000E+0	7.30656E-1
1.03309E+2	0.00000E+0	7.30656E-1
1.03412E+2	0.00000E+0	7.30656E-1
1.03533E+2	0.00000E+0	7.30656E-1
1.03637E+2	0.00000E+0	7.30656E-1
1.03743E+2	0.00000E+0	7.30656E-1
1.03862E+2	0.00000E+0	7.30656E-1
1.03964E+2	0.00000E+0	7.30656E-1
1.04066E+2	0.00000E+0	7.30656E-1
1.04168E+2	0.00000E+0	7.30717E-1
1.04295E+2	0.00000E+0	7.30717E-1
1.04426E+2	0.00000E+0	7.30717E-1
1.04553E+2	0.00000E+0	7.30717E-1
1.04656E+2	0.00000E+0	7.30717E-1
1.04774E+2	0.00000E+0	7.30778E-1
1.04885E+2	0.00000E+0	7.30778E-1
1.05001E+2	0.00000E+0	7.30778E-1
1.05104E+2	0.00000E+0	7.30778E-1
1.05209E+2	0.00000E+0	7.30839E-1
1.05331E+2	0.00000E+0	7.30839E-1
1.05451E+2	0.00000E+0	7.30839E-1
1.05562E+2	0.00000E+0	7.30839E-1
1.05678E+2	0.00000E+0	7.30839E-1
1.05783E+2	0.00000E+0	7.30900E-1
1.05905E+2	0.00000E+0	7.30900E-1
1.06007E+2	0.00000E+0	7.30900E-1
1.06124E+2	0.00000E+0	7.30900E-1
1.06225E+2	0.00000E+0	7.30900E-1
1.06351E+2	0.00000E+0	7.30900E-1
1.06457E+2	0.00000E+0	7.30900E-1
1.06579E+2	0.00000E+0	7.30900E-1
1.06703E+2	0.00000E+0	7.30961E-1
1.06825E+2	0.00000E+0	7.30961E-1
1.06926E+2	0.00000E+0	7.30961E-1
1.07047E+2	0.00000E+0	7.30961E-1
1.07149E+2	0.00000E+0	7.30961E-1
1.07251E+2	0.00000E+0	7.30961E-1
1.07361E+2	0.00000E+0	7.31022E-1
1.07474E+2	0.00000E+0	7.31022E-1
1.07592E+2	0.00000E+0	7.31022E-1
1.07707E+2	0.00000E+0	7.31022E-1
1.07816E+2	0.00000E+0	7.31083E-1
1.07928E+2	0.00000E+0	7.31083E-1
1.08050E+2	0.00000E+0	7.31083E-1
1.08157E+2	0.00000E+0	7.31083E-1
1.08276E+2	0.00000E+0	7.31083E-1
1.08394E+2	0.00000E+0	7.31144E-1
1.08496E+2	0.00000E+0	7.31144E-1
1.08613E+2	0.00000E+0	7.31144E-1
1.08715E+2	0.00000E+0	7.31205E-1
1.08830E+2	0.00000E+0	7.31205E-1
1.08948E+2	0.00000E+0	7.31205E-1
1.09052E+2	0.00000E+0	7.31205E-1
1.09169E+2	0.00000E+0	7.31205E-1
1.09287E+2	0.00000E+0	7.31266E-1
1.09419E+2	0.00000E+0	7.31266E-1
1.09538E+2	0.00000E+0	7.31266E-1
1.09655E+2	0.00000E+0	7.31266E-1
1.09775E+2	0.00000E+0	7.31266E-1
1.09893E+2	0.00000E+0	7.31327E-1
1.09994E+2	0.00000E+0	7.31327E-1
1.10110E+2	0.00000E+0	7.31327E-1
1.10237E+2	0.00000E+0	7.31327E-1
1.10362E+2	0.00000E+0	7.31388E-1
1.10473E+2	0.00000E+0	7.31388E-1
1.10595E+2	0.00000E+0	7.31388E-1
1.10710E+2	0.00000E+0	7.31388E-1
1.10813E+2	0.00000E+0	7.31388E-1
1.10924E+2	0.00000E+0	7.31388E-1
1.11024E+2	0.00000E+0	7.31449E-1
1.11140E+2	0.00000E+0	7.31449E-1
1.11256E+2	0.00000E+0	7.31449E-1
1.11361E+2	0.00000E+0	7.31449E-1
1.11472E+2	0.00000E+0	7.31510E-1
1.11591E+2	0.00000E+0	7.31571E-1
1.11695E+2	0.00000E+0	7.31571E-1
1.11811E+2	0.00000E+0	7.31571E-1
1.11918E+2	0.00000E+0	7.31571E-1
1.12037E+2	0.00000E+0	7.31571E-1
1.12140E+2	0.00000E+0	7.31632E-1
1.12258E+2	0.00000E+0	7.31632E-1
1.12377E+2	0.00000E+0	7.31632E-1
1.12488E+2	0.00000E+0	7.31632E-1
1.12606E+2	0.00000E+0	7.31632E-1
1.12724E+2	0.00000E+0	7.31693E-1
1.12840E+2	0.00000E+0	7.31693E-1
1.12961E+2	0.00000E+0	7.31693E-1
1.13062E+2	0.00000E+0	7.31693E-1
1.13171E+2	0.00000E+0	7.31754E-1
1.13287E+2	0.00000E+0	7.31754E-1
1.13409E+2	0.00000E+0	7.31815E-1
1.13518E+2	0.00000E+0	7.31815E-1
1.13642E+2	0.00000E+0	7.31815E-1
1.13756E+2	0.00000E+0	7.31815E-1
1.13869E+2	0.00000E+0	7.31876E-1
1.13990E+2	0.00000E+0	7.31876E-1
1.14111E+2	0.00000E+0	7.31937E-1
1.14217E+2	0.00000E+0	7.31937E-1
1.14339E+2	0.00000E+0	7.31937E-1
1.14461E+2	0.00000E+0	7.31937E-1
1.14571E+2	0.00000E+0	7.31937E-1
1.14685E+2	0.00000E+0	7.31998E-1
1.14797E+2	0.00000E+0	7.31998E-1
1.14918E+2	0.00000E+0	7.31998E-1
1.15026E+2	0.00000E+0	7.32059E-1
1.15150E+2	0.00000E+0	7.32059E-1
1.15257E+2	0.00000E+0	7.32059E-1
1.15373E+2	0.00000E+0	7.32059E-1
1.15494E+2	0.00000E+0	7.32121E-1
1.15607E+2	0.00000E+0	7.32121E-1
1.15721E+2	0.00000E+0	7.32121E-1
1.15822E+2	0.00000E+0	7.32182E-1
1.15925E+2	0.00000E+0	7.32182E-1
1.16040E+2	0.00000E+0	7.32182E-1
1.16157E+2	0.00000E+0	7.32243E-1
1.16274E+2	0.00000E+0	7.32243E-1
1.16379E+2	0.00000E+0	7.32304E-1
1.16502E+2	0.00000E+0	7.32304E-1
1.16606E+2	0.00000E+0	7.32304E-1
1.16734E+2	0.00000E+0	7.32365E-1
1.16846E+2	0.00000E+0	7.32365E-1
1.16959E+2	0.00000E+0	7.32426E-1
1.17065E+2	0.00000E+0	7.32426E-1
1.17178E+2	0.00000E+0	7.32426E-1
1.17302E+2	0.00000E+0	7.32487E-1
1.17412E+2	0.00000E+0	7.32487E-1
1.17528E+2	0.00000E+0	7.32548E-1
1.17631E+2	0.00000E+0	7.32548E-1
1.17746E+2	0.00000E+0	7.32548E-1
1.17859E+2	0.00000E+0	7.32609E-1
1.17976E+2	0.00000E+0	7.32609E-1
1.18094E+2	0.00000E+0	7.32609E-1
1.18197E+2	0.00000E+0	7.32670E-1
1.18312E+2	0.00000E+0	7.32731E-1
1.18421E+2	0.00000E+0	7.32731E-1
1.18544E+2	0.00000E+0	7.32731E-1
1.18654E+2	0.00000E+0	7.32792E-1
1.18758E+2	0.00000E+0	7.32792E-1
1.18872E+2	0.00000E+0	7.32792E-1
1.18984E+2	0.00000E+0	7.32853E-1
1.19094E+2	0.00000E+0	7.32853E-1
1.19207E+2	0.00000E+0	7.32914E-1
1.19320E+2	0.00000E+0	7.32975E-1
1.19428E+2	0.00000E+0	7.32975E-1
1.19546E+2	0.00000E+0	7.32975E-1
1.19660E+2	0.00000E+0	7.32975E-1
1.19781E+2	0.00000E+0	7.33036E-1
1.19899E+2	0.00000E+0	7.33097E-1
1.20011E+2	0.00000E+0	7.33097E-1
1.20138E+2	0.00000E+0	7.33097E-1
1.20250E+2	0.00000E+0	7.33158E-1
1.20354E+2	0.00000E+0	7.33158E-1
1.20467E+2	0.00000E+0	7.33219E-1
1.20574E+2	0.00000E+0	7.33219E-1
1.20689E+2	0.00000E+0	7.33280E-1
1.20793E+2	0.00000E+0	7.33280E-1
1.20912E+2	0.00000E+0	7.33341E-1
1.21015E+2	0.00000E+0	7.33341E-1
1.21126E+2	0.00000E+0	7.33402E-1
1.21235E+2	0.00000E+0	7.33402E-1
1.21339E+2	0.00000E+0	7.33463E-1
1.21460E+2	0.00000E+0	7.33463E-1
1.21584E+2	0.00000E+0	7.33524E-1
1.21690E+2	0.00000E+0	7.33524E-1
1.21798E+2	0.00000E+0	7.33585E-1
1.21905E+2	0.00000E+0	7.33585E-1
1.22011E+2	0.00000E+0	7.33646E-1
1.22131E+2	0.00000E+0	7.33707E-1
1.22243E+2	0.00000E+0	7.33707E-1
1.22368E+2	0.00000E+0	7.33768E-1
1.22470E+2	0.00000E+0	7.33768E-1
1.22577E+2	0.00000E+0	7.33829E-1
1.22684E+2	0.00000E+0	7.33891E-1
1.22797E+2	0.00000E+0	7.33891E-1
1.22902E+2	0.00000E+0	7.33952E-1
1.23003E+2	0.00000E+0	7.33952E-1
1.23115E+2	0.00000E+0	7.34013E-1
1.23216E+2	0.00000E+0	7.34074E-1
1.23330E+2	0.00000E+0	7.34135E-1
1.23433E+2	0.00000E+0	7.34135E-1
1.23543E+2	0.00000E+0	7.34196E-1
1.23656E+2	0.00000E+0	7.34196E-1
1.23783E+2	0.00000E+0	7.34257E-1
1.23887E+2	0.00000E+0	7.34318E-1
1.23988E+2	0.00000E+0	7.34318E-1
1.24090E+2	0.00000E+0	7.34379E-1
1.24205E+2	0.00000E+0	7.34440E-1
1.24312E+2	0.00000E+0	7.34501E-1
1.24417E+2	0.00000E+0	7.34501E-1
1.24519E+2	0.00000E+0	7.34562E-1
1.24620E+2	0.00000E+0	7.34623E-1
1.24729E+2	0.00000E+0	7.34684E-1
1.24830E+2	0.00000E+0	7.34684E-1
1.24946E+2	0.00000E+0	7.34745E-1
1.25048E+2	0.00000E+0	7.34806E-1
1.25156E+2	0.00000E+0	7.34867E-1
1.25264E+2	0.00000E+0	7.34867E-1
1.25379E+2	0.00000E+0	7.34928E-1
1.25481E+2	0.00000E+0	7.34989E-1
1.25585E+2	0.00000E+0	7.35050E-1
1.25693E+2	0.00000E+0	7.35111E-1
1.25797E+2	0.00000E+0	7.35172E-1
1.25904E+2	0.00000E+0	7.35233E-1
1.26005E+2	0.00000E+0	7.35294E-1
1.26112E+2	0.00000E+0	7.35355E-1
1.26235E+2	0.00000E+0	7.35416E-1
1.26347E+2	0.00000E+0	7.35416E-1
1.26459E+2	0.00000E+0	7.35538E-1
1.26572E+2	0.00000E+0	7.35600E-1
1.26690E+2	0.00000E+0	7.35661E-1
1.26795E+2	0.00000E+0	7.35722E-1
1.26899E+2	0.00000E+0	7.35783E-1
1.27000E+2	0.00000E+0	7.35844E-1
1.27105E+2	0.00000E+0	7.35905E-1
1.27218E+2	0.00000E+0	7.35966E-1
1.27340E+2	0.00000E+0	7.36088E-1
1.27453E+2	0.00000E+0	7.36149E-1
1.27564E+2	0.00000E+0	7.36271E-1
1.27681E+2	0.00000E+0	7.36332E-1
1.27811E+2	0.00000E+0	7.36393E-1
1.27912E+2	0.00000E+0	7.36454E-1
1.28031E+2	0.00000E+0	7.36576E-1
1.28132E+2	0.00000E+0	7.36698E-1
1.28234E+2	0.00000E+0	7.36759E-1
1.28346E+2	0.00000E+0	7.36820E-1
1.28461E+2	0.00000E+0	7.36942E-1
1.28569E+2	0.00000E+0	7.37064E-1
1.28686E+2	0.00000E+0	7.37125E-1
1.28811E+2	0.00000E+0	7.37247E-1
1.28934E+2	0.00000E+0	7.37431E-1
1.29035E+2	0.00000E+0	7.37492E-1
1.29156E+2	0.00000E+0	7.37675E-1
1.29257E+2	0.00000E+0	7.37797E-1
1.29374E+2	0.00000E+0	7.37980E-1
1.29483E+2	0.00000E+0	7.38102E-1
1.29597E+2	0.00000E+0	7.38285E-1
1.29720E+2	0.00000E+0	7.38468E-1
1.29834E+2	0.00000E+0	7.38651E-1
1.29944E+2	0.00000E+0	7.38895E-1
1.30064E+2	0.00000E+0	7.39140E-1
1.30179E+2	0.00000E+0	7.39445E-1
1.30279E+2	0.00000E+0	7.39689E-1
1.30381E+2	0.00000E+0	7.39994E-1
1.30486E+2	0.00000E+0	7.40421E-1
1.30587E+2	0.00000E+0	7.40849E-1
1.30704E+2	0.00000E+0	7.41703E-1
1.30805E+2	0.00000E+0	7.42741E-1
1.30923E+2	0.00000E+0	7.44511E-1
1.31024E+2	0.00000E+0	7.45853E-1
1.31139E+2	0.00000E+0	7.47318E-1
1.31240E+2	0.00000E+0	7.48478E-1
1.31362E+2	0.00000E+0	7.49821E-1
1.31484E+2	0.00000E+0	7.51225E-1
1.31602E+2	0.00000E+0	7.52323E-1
1.31715E+2	0.00000E+0	7.53178E-1
1.31817E+2	0.00000E+0	7.53605E-1
1.31932E+2	0.00000E+0	7.53849E-1
1.32039E+2	0.00000E+0	7.53910E-1
1.32149E+2	0.00000E+0	7.53910E-1
1.32259E+2	0.00000E+0	7.53910E-1
1.32370E+2	0.00000E+0	7.53849E-1
1.32484E+2	0.00000E+0	7.53849E-1
1.32591E+2	0.00000E+0	7.53788E-1
1.32706E+2	0.00000E+0	7.53727E-1
1.32821E+2	0.00000E+0	7.53666E-1
1.32942E+2	0.00000E+0	7.53605E-1
1.33054E+2	0.00000E+0	7.53544E-1
1.33162E+2	0.00000E+0	7.53483E-1
1.33278E+2	0.00000E+0	7.53361E-1
1.33389E+2	0.00000E+0	7.53300E-1
1.33513E+2	0.00000E+0	7.53239E-1
1.33614E+2	0.00000E+0	7.53178E-1
1.33721E+2	0.00000E+0	7.53056E-1
1.33823E+2	0.00000E+0	7.52995E-1
1.33936E+2	0.00000E+0	7.52934E-1
1.34061E+2	0.00000E+0	7.52872E-1
1.34173E+2	0.00000E+0	7.52750E-1
1.34297E+2	0.00000E+0	7.52689E-1
1.34404E+2	0.00000E+0	7.52628E-1
1.34519E+2	0.00000E+0	7.52506E-1
1.34634E+2	0.00000E+0	7.52445E-1
1.34758E+2	0.00000E+0	7.52323E-1
1.34870E+2	0.00000E+0	7.52262E-1
1.34986E+2	0.00000E+0	7.52201E-1
1.35100E+2	0.00000E+0	7.52140E-1
1.35205E+2	0.00000E+0	7.52018E-1
1.35311E+2	0.00000E+0	7.51957E-1
1.35428E+2	0.00000E+0	7.51835E-1
1.35542E+2	0.00000E+0	7.51774E-1
1.35659E+2	0.00000E+0	7.51652E-1
1.35771E+2	0.00000E+0	7.51591E-1
1.35873E+2	0.00000E+0	7.51469E-1
1.35985E+2	0.00000E+0	7.51408E-1
1.36094E+2	0.00000E+0	7.51286E-1
1.36212E+2	0.00000E+0	7.51225E-1
1.36335E+2	0.00000E+0	7.51163E-1
1.36438E+2	0.00000E+0	7.51102E-1
1.36554E+2	0.00000E+0	7.50980E-1
1.36665E+2	0.00000E+0	7.50858E-1
1.36787E+2	0.00000E+0	7.50797E-1
1.36900E+2	0.00000E+0	7.50736E-1
1.37009E+2	0.00000E+0	7.50614E-1
1.37129E+2	0.00000E+0	7.50553E-1
1.37238E+2	0.00000E+0	7.50492E-1
1.37345E+2	0.00000E+0	7.50370E-1
1.37458E+2	0.00000E+0	7.50248E-1
1.37570E+2	0.00000E+0	7.50187E-1
1.37690E+2	0.00000E+0	7.50126E-1
1.37803E+2	0.00000E+0	7.50065E-1
1.37909E+2	0.00000E+0	7.49943E-1
1.38019E+2	0.00000E+0	7.49882E-1
1.38123E+2	0.00000E+0	7.49821E-1
1.38225E+2	0.00000E+0	7.49760E-1
1.38340E+2	0.00000E+0	7.49638E-1
1.38452E+2	0.00000E+0	7.49577E-1
1.38568E+2	0.00000E+0	7.49454E-1
1.38675E+2	0.00000E+0	7.49393E-1
1.38789E+2	0.00000E+0	7.49332E-1
1.38897E+2	0.00000E+0	7.49271E-1
1.39010E+2	0.00000E+0	7.49149E-1
1.39124E+2	0.00000E+0	7.49088E-1
1.39226E+2	0.00000E+0	7.48966E-1
1.39332E+2	0.00000E+0	7.48905E-1
1.39450E+2	0.00000E+0	7.48844E-1
1.39560E+2	0.00000E+0	7.48722E-1
1.39674E+2	0.00000E+0	7.48661E-1
1.39782E+2	0.00000E+0	7.48600E-1
1.39898E+2	0.00000E+0	7.48539E-1
1.40006E+2	0.00000E+0	7.48417E-1
1.40109E+2	0.00000E+0	7.48356E-1
1.40223E+2	0.00000E+0	7.48234E-1
1.40331E+2	0.00000E+0	7.48173E-1
1.40439E+2	0.00000E+0	7.48112E-1
1.40554E+2	0.00000E+0	7.47990E-1
1.40667E+2	0.00000E+0	7.47929E-1
1.40772E+2	0.00000E+0	7.47868E-1
1.40894E+2	0.00000E+0	7.47807E-1
1.41002E+2	0.00000E+0	7.47684E-1
1.41115E+2	0.00000E+0	7.47623E-1
1.41225E+2	0.00000E+0	7.47562E-1
1.41327E+2	0.00000E+0	7.47501E-1
1.41434E+2	0.00000E+0	7.47440E-1
1.41548E+2	0.00000E+0	7.47318E-1
1.41655E+2	0.00000E+0	7.47257E-1
1.41758E+2	0.00000E+0	7.47196E-1
1.41871E+2	0.00000E+0	7.47135E-1
1.41980E+2	0.00000E+0	7.47074E-1
1.42085E+2	0.00000E+0	7.46952E-1
1.42203E+2	0.00000E+0	7.46891E-1
1.42310E+2	0.00000E+0	7.46830E-1
1.42410E+2	0.00000E+0	7.46769E-1
1.42511E+2	0.00000E+0	7.46708E-1
1.42612E+2	0.00000E+0	7.46586E-1
1.42722E+2	0.00000E+0	7.46525E-1
1.42831E+2	0.00000E+0	7.46464E-1
1.42931E+2	0.00000E+0	7.46464E-1
1.43040E+2	0.00000E+0	7.46342E-1
1.43155E+2	0.00000E+0	7.46281E-1
1.43269E+2	0.00000E+0	7.46220E-1
1.43377E+2	0.00000E+0	7.46159E-1
1.43478E+2	0.00000E+0	7.46037E-1
1.43592E+2	0.00000E+0	7.45975E-1
1.43708E+2	0.00000E+0	7.45914E-1
1.43812E+2	0.00000E+0	7.45853E-1
1.43927E+2	0.00000E+0	7.45792E-1
1.44028E+2	0.00000E+0	7.45731E-1
1.44129E+2	0.00000E+0	7.45670E-1
1.44246E+2	0.00000E+0	7.45548E-1
1.44368E+2	0.00000E+0	7.45487E-1
1.44471E+2	0.00000E+0	7.45426E-1
1.44584E+2	0.00000E+0	7.45365E-1
1.44687E+2	0.00000E+0	7.45304E-1
1.44798E+2	0.00000E+0	7.45182E-1
1.44916E+2	0.00000E+0	7.45121E-1
1.45036E+2	0.00000E+0	7.45060E-1
1.45143E+2	0.00000E+0	7.44999E-1
1.45258E+2	0.00000E+0	7.44938E-1
1.45365E+2	0.00000E+0	7.44816E-1
1.45486E+2	0.00000E+0	7.44755E-1
1.45602E+2	0.00000E+0	7.44694E-1
1.45711E+2	0.00000E+0	7.44694E-1
1.45825E+2	0.00000E+0	7.44572E-1
1.45928E+2	0.00000E+0	7.44572E-1
1.46032E+2	0.00000E+0	7.44450E-1
1.46138E+2	0.00000E+0	7.44389E-1
1.46255E+2	0.00000E+0	7.44328E-1
1.46357E+2	0.00000E+0	7.44267E-1
1.46459E+2	0.00000E+0	7.44205E-1
1.46567E+2	0.00000E+0	7.44144E-1
1.46684E+2	0.00000E+0	7.44083E-1
1.46801E+2	0.00000E+0	7.44022E-1
1.46909E+2	0.00000E+0	7.43961E-1
1.47019E+2	0.00000E+0	7.43900E-1
1.47125E+2	0.00000E+0	7.43839E-1
1.47228E+2	0.00000E+0	7.43778E-1
1.47335E+2	0.00000E+0	7.43717E-1
1.47436E+2	0.00000E+0	7.43656E-1
1.47539E+2	0.00000E+0	7.43595E-1
1.47650E+2	0.00000E+0	7.43534E-1
1.47774E+2	0.00000E+0	7.43473E-1
1.47887E+2	0.00000E+0	7.43412E-1
1.47989E+2	0.00000E+0	7.43351E-1
1.48103E+2	0.00000E+0	7.43290E-1
1.48212E+2	0.00000E+0	7.43229E-1
1.48323E+2	0.00000E+0	7.43168E-1
1.48440E+2	0.00000E+0	7.43107E-1
1.48562E+2	0.00000E+0	7.43046E-1
1.48673E+2	0.00000E+0	7.42985E-1
1.48778E+2	0.00000E+0	7.42924E-1
1.48886E+2	0.00000E+0	7.42863E-1
1.48990E+2	0.00000E+0	7.42802E-1
1.49103E+2	0.00000E+0	7.42741E-1
1.49212E+2	0.00000E+0	7.42680E-1
1.49319E+2	0.00000E+0	7.42619E-1
1.49435E+2	0.00000E+0	7.42558E-1
1.49540E+2	0.00000E+0	7.42496E-1
1.49652E+2	0.00000E+0	7.42435E-1
1.49768E+2	0.00000E+0	7.42374E-1
1.49879E+2	0.00000E+0	7.42313E-1
1.49996E+2	0.00000E+0	7.42252E-1
1.50109E+2	0.00000E+0	7.42191E-1
1.50210E+2	0.00000E+0	7.42130E-1
1.50327E+2	0.00000E+0	7.42069E-1
1.50435E+2	0.00000E+0	7.42008E-1
1.50555E+2	0.00000E+0	7.41947E-1
1.50663E+2	0.00000E+0	7.41947E-1
1.50788E+2	0.00000E+0	7.41825E-1
1.50891E+2	0.00000E+0	7.41825E-1
1.51007E+2	0.00000E+0	7.41764E-1
1.51121E+2	0.00000E+0	7.41703E-1
1.51241E+2	0.00000E+0	7.41581E-1
1.51346E+2	0.00000E+0	7.41581E-1
1.51463E+2	0.00000E+0	7.41520E-1
1.51575E+2	0.00000E+0	7.41459E-1
1.51677E+2	0.00000E+0	7.41398E-1
1.51785E+2	0.00000E+0	7.41337E-1
1.51901E+2	0.00000E+0	7.41337E-1
1.52009E+2	0.00000E+0	7.41215E-1
1.52111E+2	0.00000E+0	7.41215E-1
1.52224E+2	0.00000E+0	7.41154E-1
1.52330E+2	0.00000E+0	7.41093E-1
1.52436E+2	0.00000E+0	7.41093E-1
1.52539E+2	0.00000E+0	7.41032E-1
1.52654E+2	0.00000E+0	7.40910E-1
1.52763E+2	0.00000E+0	7.40849E-1
1.52873E+2	0.00000E+0	7.40849E-1
1.52988E+2	0.00000E+0	7.40788E-1
1.53097E+2	0.00000E+0	7.40726E-1
1.53206E+2	0.00000E+0	7.40665E-1
1.53319E+2	0.00000E+0	7.40604E-1
1.53432E+2	0.00000E+0	7.40604E-1
1.53539E+2	0.00000E+0	7.40482E-1
1.53651E+2	0.00000E+0	7.40421E-1
1.53758E+2	0.00000E+0	7.40421E-1
1.53873E+2	0.00000E+0	7.40360E-1
1.53981E+2	0.00000E+0	7.40299E-1
1.54089E+2	0.00000E+0	7.40238E-1
1.54197E+2	0.00000E+0	7.40238E-1
1.54309E+2	0.00000E+0	7.40177E-1
1.54413E+2	0.00000E+0	7.40116E-1
1.54531E+2	0.00000E+0	7.40055E-1
1.54642E+2	0.00000E+0	7.39994E-1
1.54745E+2	0.00000E+0	7.39933E-1
1.54856E+2	0.00000E+0	7.39872E-1
1.54959E+2	0.00000E+0	7.39872E-1
1.55066E+2	0.00000E+0	7.39811E-1
1.55174E+2	0.00000E+0	7.39750E-1
1.55277E+2	0.00000E+0	7.39689E-1
1.55393E+2	0.00000E+0	7.39689E-1
1.55502E+2	0.00000E+0	7.39628E-1
1.55606E+2	0.00000E+0	7.39567E-1
1.55708E+2	0.00000E+0	7.39567E-1
1.55827E+2	0.00000E+0	7.39506E-1
1.55928E+2	0.00000E+0	7.39445E-1
1.56044E+2	0.00000E+0	7.39384E-1
1.56150E+2	0.00000E+0	7.39323E-1
1.56256E+2	0.00000E+0	7.39262E-1
1.56357E+2	0.00000E+0	7.39262E-1
1.56463E+2	0.00000E+0	7.39201E-1
1.56568E+2	0.00000E+0	7.39201E-1
1.56680E+2	0.00000E+0	7.39140E-1
1.56781E+2	0.00000E+0	7.39017E-1
1.56886E+2	0.00000E+0	7.39017E-1
1.56990E+2	0.00000E+0	7.38956E-1
1.57098E+2	0.00000E+0	7.38895E-1
1.57202E+2	0.00000E+0	7.38895E-1
1.57313E+2	0.00000E+0	7.38834E-1
1.57419E+2	0.00000E+0	7.38834E-1
1.57530E+2	0.00000E+0	7.38773E-1
1.57635E+2	0.00000E+0	7.38651E-1
1.57746E+2	0.00000E+0	7.38651E-1
1.57855E+2	0.00000E+0	7.38590E-1
1.57962E+2	0.00000E+0	7.38529E-1
1.58063E+2	0.00000E+0	7.38529E-1
1.58172E+2	0.00000E+0	7.38468E-1
1.58286E+2	0.00000E+0	7.38407E-1
1.58389E+2	0.00000E+0	7.38407E-1
1.58492E+2	0.00000E+0	7.38285E-1
1.58594E+2	0.00000E+0	7.38285E-1
1.58698E+2	0.00000E+0	7.38224E-1
1.58803E+2	0.00000E+0	7.38224E-1
1.58904E+2	0.00000E+0	7.38163E-1
1.59059E+2	0.00000E+0	7.38163E-1
1.58949E+2	0.00000E+0	7.38102E-1
1.58824E+2	0.00000E+0	7.38102E-1
1.58704E+2	0.00000E+0	7.38041E-1
1.58580E+2	0.00000E+0	7.37980E-1
1.58443E+2	0.00000E+0	7.37980E-1
1.58331E+2	0.00000E+0	7.38041E-1
1.58180E+2	0.00000E+0	7.37919E-1
1.58069E+2	0.00000E+0	7.37858E-1
1.57943E+2	0.00000E+0	7.37858E-1
1.57833E+2	0.00000E+0	7.37858E-1
1.57722E+2	0.00000E+0	7.37858E-1
1.57608E+2	0.00000E+0	7.37858E-1
1.57494E+2	0.00000E+0	7.37858E-1
1.57359E+2	0.00000E+0	7.37858E-1
1.57246E+2	0.00000E+0	7.37858E-1
1.57119E+2	0.00000E+0	7.37919E-1
1.57003E+2	0.00000E+0	7.37919E-1
1.56878E+2	0.00000E+0	7.37919E-1
1.56761E+2	0.00000E+0	7.37919E-1
1.56645E+2	0.00000E+0	7.37980E-1
1.56527E+2	0.00000E+0	7.37980E-1
1.56401E+2	0.00000E+0	7.38041E-1
1.56273E+2	0.00000E+0	7.38041E-1
1.56165E+2	0.00000E+0	7.38102E-1
1.56031E+2	0.00000E+0	7.38102E-1
1.55923E+2	0.00000E+0	7.38163E-1
1.55797E+2	0.00000E+0	7.38163E-1
1.55677E+2	0.00000E+0	7.38163E-1
1.55556E+2	0.00000E+0	7.38224E-1
1.55421E+2	0.00000E+0	7.38224E-1
1.55304E+2	0.00000E+0	7.38285E-1
1.55181E+2	0.00000E+0	7.38285E-1
1.55068E+2	0.00000E+0	7.38407E-1
1.54946E+2	0.00000E+0	7.38407E-1
1.54806E+2	0.00000E+0	7.38468E-1
1.54698E+2	0.00000E+0	7.38468E-1
1.54570E+2	0.00000E+0	7.38529E-1
1.54456E+2	0.00000E+0	7.38529E-1
1.54330E+2	0.00000E+0	7.38590E-1
1.54199E+2	0.00000E+0	7.38651E-1
1.54084E+2	0.00000E+0	7.38651E-1
1.53954E+2	0.00000E+0	7.38712E-1
1.53842E+2	0.00000E+0	7.38773E-1
1.53709E+2	0.00000E+0	7.38834E-1
1.53596E+2	0.00000E+0	7.38834E-1
1.53477E+2	0.00000E+0	7.38895E-1
1.53345E+2	0.00000E+0	7.38956E-1
1.53230E+2	0.00000E+0	7.38956E-1
1.53106E+2	0.00000E+0	7.39017E-1
1.52981E+2	0.00000E+0	7.39079E-1
1.52852E+2	0.00000E+0	7.39140E-1
1.52734E+2	0.00000E+0	7.39201E-1
1.52615E+2	0.00000E+0	7.39201E-1
1.52493E+2	0.00000E+0	7.39262E-1
1.52366E+2	0.00000E+0	7.39323E-1
1.52239E+2	0.00000E+0	7.39323E-1
1.52120E+2	0.00000E+0	7.39384E-1
1.51987E+2	0.00000E+0	7.39445E-1
1.51869E+2	0.00000E+0	7.39567E-1
1.51753E+2	0.00000E+0	7.39567E-1
1.51622E+2	0.00000E+0	7.39628E-1
1.51507E+2	0.00000E+0	7.39689E-1
1.51382E+2	0.00000E+0	7.39750E-1
1.51272E+2	0.00000E+0	7.39750E-1
1.51139E+2	0.00000E+0	7.39811E-1
1.51020E+2	0.00000E+0	7.39872E-1
1.50916E+2	0.00000E+0	7.39933E-1
1.50781E+2	0.00000E+0	7.39994E-1
1.50677E+2	0.00000E+0	7.40055E-1
1.50541E+2	0.00000E+0	7.40116E-1
1.50425E+2	0.00000E+0	7.40116E-1
1.50312E+2	0.00000E+0	7.40238E-1
1.50185E+2	0.00000E+0	7.40299E-1
1.50067E+2	0.00000E+0	7.40299E-1
1.49947E+2	0.00000E+0	7.40360E-1
1.49833E+2	0.00000E+0	7.40421E-1
1.49703E+2	0.00000E+0	7.40482E-1
1.49589E+2	0.00000E+0	7.40543E-1
1.49471E+2	0.00000E+0	7.40604E-1
1.49354E+2	0.00000E+0	7.40665E-1
1.49238E+2	0.00000E+0	7.40726E-1
1.49116E+2	0.00000E+0	7.40788E-1
1.49011E+2	0.00000E+0	7.40849E-1
1.48887E+2	0.00000E+0	7.40910E-1
1.48769E+2	0.00000E+0	7.40971E-1
1.48665E+2	0.00000E+0	7.41032E-1
1.48531E+2	0.00000E+0	7.41093E-1
1.48421E+2	0.00000E+0	7.41154E-1
1.48308E+2	0.00000E+0	7.41215E-1
1.48196E+2	0.00000E+0	7.41215E-1
1.48075E+2	0.00000E+0	7.41337E-1
1.47956E+2	0.00000E+0	7.41398E-1
1.47842E+2	0.00000E+0	7.41459E-1
1.47730E+2	0.00000E+0	7.41520E-1
1.47612E+2	0.00000E+0	7.41581E-1
1.47491E+2	0.00000E+0	7.41581E-1
1.47389E+2	0.00000E+0	7.41703E-1
1.47269E+2	0.00000E+0	7.41764E-1
1.47150E+2	0.00000E+0	7.41825E-1
1.47039E+2	0.00000E+0	7.41886E-1
1.46921E+2	0.00000E+0	7.41947E-1
1.46807E+2	0.00000E+0	7.42008E-1
1.46689E+2	0.00000E+0	7.42069E-1
1.46588E+2	0.00000E+0	7.42130E-1
1.46476E+2	0.00000E+0	7.42191E-1
1.46351E+2	0.00000E+0	7.42252E-1
1.46243E+2	0.00000E+0	7.42313E-1
1.46132E+2	0.00000E+0	7.42374E-1
1.46017E+2	0.00000E+0	7.42435E-1
1.45908E+2	0.00000E+0	7.42496E-1
1.45800E+2	0.00000E+0	7.42558E-1
1.45691E+2	0.00000E+0	7.42619E-1
1.45566E+2	0.00000E+0	7.42680E-1
1.45465E+2	0.00000E+0	7.42741E-1
1.45349E+2	0.00000E+0	7.42802E-1
1.45249E+2	0.00000E+0	7.42863E-1
1.45128E+2	0.00000E+0	7.42924E-1
1.45025E+2	0.00000E+0	7.42985E-1
1.44925E+2	0.00000E+0	7.43046E-1
1.44802E+2	0.00000E+0	7.43107E-1
1.44639E+2	0.00000E+0	7.43229E-1
1.44481E+2	0.00000E+0	7.43290E-1
1.44374E+2	0.00000E+0	7.43351E-1
1.44270E+2	0.00000E+0	7.43473E-1
1.44155E+2	0.00000E+0	7.43534E-1
1.44045E+2	0.00000E+0	7.43595E-1
1.43884E+2	0.00000E+0	7.43656E-1
1.43782E+2	0.00000E+0	7.43717E-1
1.43665E+2	0.00000E+0	7.43778E-1
1.43560E+2	0.00000E+0	7.43900E-1
1.43445E+2	0.00000E+0	7.43900E-1
1.43343E+2	0.00000E+0	7.44022E-1
1.43239E+2	0.00000E+0	7.44022E-1
1.43131E+2	0.00000E+0	7.44083E-1
1.43020E+2	0.00000E+0	7.44205E-1
1.42905E+2	0.00000E+0	7.44267E-1
1.42743E+2	0.00000E+0	7.44328E-1
1.42635E+2	0.00000E+0	7.44389E-1
1.42527E+2	0.00000E+0	7.44450E-1
1.42421E+2	0.00000E+0	7.44572E-1
1.42302E+2	0.00000E+0	7.44633E-1
1.42150E+2	0.00000E+0	7.44694E-1
1.42048E+2	0.00000E+0	7.44816E-1
1.41928E+2	0.00000E+0	7.44938E-1
1.41826E+2	0.00000E+0	7.45060E-1
1.41725E+2	0.00000E+0	7.45060E-1
1.41622E+2	0.00000E+0	7.45182E-1
1.41517E+2	0.00000E+0	7.45243E-1
1.41404E+2	0.00000E+0	7.45304E-1
1.41293E+2	0.00000E+0	7.45365E-1
1.41189E+2	0.00000E+0	7.45426E-1
1.41086E+2	0.00000E+0	7.45487E-1
1.40970E+2	0.00000E+0	7.45548E-1
1.40815E+2	0.00000E+0	7.45731E-1
1.40655E+2	0.00000E+0	7.45792E-1
1.40510E+2	0.00000E+0	7.45914E-1
1.40409E+2	0.00000E+0	7.45975E-1
1.40289E+2	0.00000E+0	7.46037E-1
1.40143E+2	0.00000E+0	7.46159E-1
1.40035E+2	0.00000E+0	7.46159E-1
1.39932E+2	0.00000E+0	7.46281E-1
1.39777E+2	0.00000E+0	7.46403E-1
1.39626E+2	0.00000E+0	7.46525E-1
1.39525E+2	0.00000E+0	7.46525E-1
1.39418E+2	0.00000E+0	7.46586E-1
1.39311E+2	0.00000E+0	7.46708E-1
1.39205E+2	0.00000E+0	7.46769E-1
1.39099E+2	0.00000E+0	7.46830E-1
1.38953E+2	0.00000E+0	7.46891E-1
1.38845E+2	0.00000E+0	7.46952E-1
1.38701E+2	0.00000E+0	7.47135E-1
1.38596E+2	0.00000E+0	7.47196E-1
1.38495E+2	0.00000E+0	7.47257E-1
1.38351E+2	0.00000E+0	7.47318E-1
1.38248E+2	0.00000E+0	7.47440E-1
1.38145E+2	0.00000E+0	7.47501E-1
1.38000E+2	0.00000E+0	7.47623E-1
1.37900E+2	0.00000E+0	7.47684E-1
1.37788E+2	0.00000E+0	7.47807E-1
1.37648E+2	0.00000E+0	7.47868E-1
1.37541E+2	0.00000E+0	7.47990E-1
1.37435E+2	0.00000E+0	7.48051E-1
1.37292E+2	0.00000E+0	7.48173E-1
1.37144E+2	0.00000E+0	7.48295E-1
1.37001E+2	0.00000E+0	7.48417E-1
1.36891E+2	0.00000E+0	7.48478E-1
1.36751E+2	0.00000E+0	7.48600E-1
1.36608E+2	0.00000E+0	7.48661E-1
1.36504E+2	0.00000E+0	7.48722E-1
1.36360E+2	0.00000E+0	7.48783E-1
1.36250E+2	0.00000E+0	7.48905E-1
1.36108E+2	0.00000E+0	7.49027E-1
1.35966E+2	0.00000E+0	7.49088E-1
1.35864E+2	0.00000E+0	7.49210E-1
1.35715E+2	0.00000E+0	7.49271E-1
1.35584E+2	0.00000E+0	7.49454E-1
1.35437E+2	0.00000E+0	7.49577E-1
1.35284E+2	0.00000E+0	7.49638E-1
1.35142E+2	0.00000E+0	7.49760E-1
1.35039E+2	0.00000E+0	7.49882E-1
1.34895E+2	0.00000E+0	7.49943E-1
1.34754E+2	0.00000E+0	7.50065E-1
1.34611E+2	0.00000E+0	7.50187E-1
1.34499E+2	0.00000E+0	7.50248E-1
1.34359E+2	0.00000E+0	7.50370E-1
1.34217E+2	0.00000E+0	7.50492E-1
1.34068E+2	0.00000E+0	7.50675E-1
1.33926E+2	0.00000E+0	7.50797E-1
1.33781E+2	0.00000E+0	7.50858E-1
1.33641E+2	0.00000E+0	7.50919E-1
1.33497E+2	0.00000E+0	7.51102E-1
1.33350E+2	0.00000E+0	7.51225E-1
1.33210E+2	0.00000E+0	7.51347E-1
1.33077E+2	0.00000E+0	7.51530E-1
1.32939E+2	0.00000E+0	7.51591E-1
1.32834E+2	0.00000E+0	7.51652E-1
1.32699E+2	0.00000E+0	7.51774E-1
1.32564E+2	0.00000E+0	7.51957E-1
1.32425E+2	0.00000E+0	7.52079E-1
1.32281E+2	0.00000E+0	7.52201E-1
1.32147E+2	0.00000E+0	7.52323E-1
1.32012E+2	0.00000E+0	7.52384E-1
1.31863E+2	0.00000E+0	7.52567E-1
1.31726E+2	0.00000E+0	7.52689E-1
1.31585E+2	0.00000E+0	7.52750E-1
1.31449E+2	0.00000E+0	7.52934E-1
1.31315E+2	0.00000E+0	7.52995E-1
1.31186E+2	0.00000E+0	7.53117E-1
1.31047E+2	0.00000E+0	7.53239E-1
1.30910E+2	0.00000E+0	7.53361E-1
1.30772E+2	0.00000E+0	7.53422E-1
1.30640E+2	0.00000E+0	7.53666E-1
1.30504E+2	0.00000E+0	7.53727E-1
1.30370E+2	0.00000E+0	7.53849E-1
1.30238E+2	0.00000E+0	7.53971E-1
1.30108E+2	0.00000E+0	7.54093E-1
1.29973E+2	0.00000E+0	7.54154E-1
1.29843E+2	0.00000E+0	7.54276E-1
1.29704E+2	0.00000E+0	7.54337E-1
1.29582E+2	0.00000E+0	7.54459E-1
1.29450E+2	0.00000E+0	7.54520E-1
1.29320E+2	0.00000E+0	7.54704E-1
1.29184E+2	0.00000E+0	7.54826E-1
1.29054E+2	0.00000E+0	7.54887E-1
1.28923E+2	0.00000E+0	7.55009E-1
1.28794E+2	0.00000E+0	7.55131E-1
1.28661E+2	0.00000E+0	7.55192E-1
1.28530E+2	0.00000E+0	7.55314E-1
1.28403E+2	0.00000E+0	7.55436E-1
1.28282E+2	0.00000E+0	7.55497E-1
1.28146E+2	0.00000E+0	7.55619E-1
1.28028E+2	0.00000E+0	7.55680E-1
1.27882E+2	0.00000E+0	7.55802E-1
1.27752E+2	0.00000E+0	7.55863E-1
1.27630E+2	0.00000E+0	7.55985E-1
1.27502E+2	0.00000E+0	7.56107E-1
1.27384E+2	0.00000E+0	7.56168E-1
1.27263E+2	0.00000E+0	7.56229E-1
1.27131E+2	0.00000E+0	7.56229E-1
1.27001E+2	0.00000E+0	7.56290E-1
1.26867E+2	0.00000E+0	7.56351E-1
1.26741E+2	0.00000E+0	7.56351E-1
1.26617E+2	0.00000E+0	7.56351E-1
1.26493E+2	0.00000E+0	7.56351E-1
1.26376E+2	0.00000E+0	7.56290E-1
1.26242E+2	0.00000E+0	7.56168E-1
1.26133E+2	0.00000E+0	7.55863E-1
1.25990E+2	0.00000E+0	7.55375E-1
1.25868E+2	0.00000E+0	7.54337E-1
1.25744E+2	0.00000E+0	7.52872E-1
1.25623E+2	0.00000E+0	7.51286E-1
1.25507E+2	0.00000E+0	7.49638E-1
1.25378E+2	0.00000E+0	7.47746E-1
1.25252E+2	0.00000E+0	7.45914E-1
1.25128E+2	0.00000E+0	7.44083E-1
1.25000E+2	0.00000E+0	7.42558E-1
1.24877E+2	0.00000E+0	7.41276E-1
1.24758E+2	0.00000E+0	7.40482E-1
1.24639E+2	0.00000E+0	7.39872E-1
1.24514E+2	0.00000E+0	7.39384E-1
1.24385E+2	0.00000E+0	7.39017E-1
1.24257E+2	0.00000E+0	7.38773E-1
1.24135E+2	0.00000E+0	7.38529E-1
1.24011E+2	0.00000E+0	7.38285E-1
1.23888E+2	0.00000E+0	7.38102E-1
1.23769E+2	0.00000E+0	7.37919E-1
1.23648E+2	0.00000E+0	7.37797E-1
1.23529E+2	0.00000E+0	7.37614E-1
1.23406E+2	0.00000E+0	7.37492E-1
1.23283E+2	0.00000E+0	7.37370E-1
1.23163E+2	0.00000E+0	7.37186E-1
1.23049E+2	0.00000E+0	7.37064E-1
1.22924E+2	0.00000E+0	7.36942E-1
1.22814E+2	0.00000E+0	7.36820E-1
1.22696E+2	0.00000E+0	7.36759E-1
1.22570E+2	0.00000E+0	7.36698E-1
1.22452E+2	0.00000E+0	7.36576E-1
1.22334E+2	0.00000E+0	7.36454E-1
1.22211E+2	0.00000E+0	7.36393E-1
1.22100E+2	0.00000E+0	7.36271E-1
1.21979E+2	0.00000E+0	7.36210E-1
1.21862E+2	0.00000E+0	7.36149E-1
1.21747E+2	0.00000E+0	7.36027E-1
1.21629E+2	0.00000E+0	7.35966E-1
1.21511E+2	0.00000E+0	7.35905E-1
1.21393E+2	0.00000E+0	7.35783E-1
1.21285E+2	0.00000E+0	7.35722E-1
1.21172E+2	0.00000E+0	7.35661E-1
1.21057E+2	0.00000E+0	7.35661E-1
1.20938E+2	0.00000E+0	7.35538E-1
1.20826E+2	0.00000E+0	7.35477E-1
1.20698E+2	0.00000E+0	7.35416E-1
1.20585E+2	0.00000E+0	7.35355E-1
1.20467E+2	0.00000E+0	7.35294E-1
1.20366E+2	0.00000E+0	7.35233E-1
1.20238E+2	0.00000E+0	7.35172E-1
1.20122E+2	0.00000E+0	7.35111E-1
1.20015E+2	0.00000E+0	7.35050E-1
1.19891E+2	0.00000E+0	7.34989E-1
1.19763E+2	0.00000E+0	7.34928E-1
1.19649E+2	0.00000E+0	7.34928E-1
1.19538E+2	0.00000E+0	7.34867E-1
1.19416E+2	0.00000E+0	7.34806E-1
1.19311E+2	0.00000E+0	7.34745E-1
1.19195E+2	0.00000E+0	7.34684E-1
1.19080E+2	0.00000E+0	7.34623E-1
1.18957E+2	0.00000E+0	7.34623E-1
1.18851E+2	0.00000E+0	7.34562E-1
1.18732E+2	0.00000E+0	7.34501E-1
1.18623E+2	0.00000E+0	7.34440E-1
1.18516E+2	0.00000E+0	7.34440E-1
1.18404E+2	0.00000E+0	7.34318E-1
1.18288E+2	0.00000E+0	7.34318E-1
1.18170E+2	0.00000E+0	7.34257E-1
1.18065E+2	0.00000E+0	7.34196E-1
1.17957E+2	0.00000E+0	7.34196E-1
1.17844E+2	0.00000E+0	7.34135E-1
1.17743E+2	0.00000E+0	7.34135E-1
1.17634E+2	0.00000E+0	7.34074E-1
1.17524E+2	0.00000E+0	7.34013E-1
1.17408E+2	0.00000E+0	7.33952E-1
1.17304E+2	0.00000E+0	7.33952E-1
1.17187E+2	0.00000E+0	7.33891E-1
1.17086E+2	0.00000E+0	7.33829E-1
1.16972E+2	0.00000E+0	7.33829E-1
1.16832E+2	0.00000E+0	7.33768E-1
1.16726E+2	0.00000E+0	7.33707E-1
1.16624E+2	0.00000E+0	7.33707E-1
1.16507E+2	0.00000E+0	7.33646E-1
1.16373E+2	0.00000E+0	7.33585E-1
1.16266E+2	0.00000E+0	7.33585E-1
1.16158E+2	0.00000E+0	7.33524E-1
1.16056E+2	0.00000E+0	7.33524E-1
1.15955E+2	0.00000E+0	7.33463E-1
1.15851E+2	0.00000E+0	7.33463E-1
1.15746E+2	0.00000E+0	7.33402E-1
1.15637E+2	0.00000E+0	7.33402E-1
1.15501E+2	0.00000E+0	7.33341E-1
1.15359E+2	0.00000E+0	7.33341E-1
1.15220E+2	0.00000E+0	7.33341E-1
1.15118E+2	0.00000E+0	7.33280E-1
1.15013E+2	0.00000E+0	7.33341E-1
1.14912E+2	0.00000E+0	7.33219E-1
1.14770E+2	0.00000E+0	7.33158E-1
1.14644E+2	0.00000E+0	7.33097E-1
1.14533E+2	0.00000E+0	7.33097E-1
1.14395E+2	0.00000E+0	7.33036E-1
1.14261E+2	0.00000E+0	7.33036E-1
1.14155E+2	0.00000E+0	7.33036E-1
1.14013E+2	0.00000E+0	7.32975E-1
1.13911E+2	0.00000E+0	7.32975E-1
1.13783E+2	0.00000E+0	7.32914E-1
1.13680E+2	0.00000E+0	7.32853E-1
1.13576E+2	0.00000E+0	7.32853E-1
1.13449E+2	0.00000E+0	7.32792E-1
1.13349E+2	0.00000E+0	7.32792E-1
1.13245E+2	0.00000E+0	7.32792E-1
1.13136E+2	0.00000E+0	7.32731E-1
1.13012E+2	0.00000E+0	7.32731E-1
1.12904E+2	0.00000E+0	7.32670E-1
1.12782E+2	0.00000E+0	7.32670E-1
1.12645E+2	0.00000E+0	7.32609E-1
1.12516E+2	0.00000E+0	7.32609E-1
1.12415E+2	0.00000E+0	7.32548E-1
1.12277E+2	0.00000E+0	7.32548E-1
1.12175E+2	0.00000E+0	7.32487E-1
1.12054E+2	0.00000E+0	7.32487E-1
1.11951E+2	0.00000E+0	7.32426E-1
1.11827E+2	0.00000E+0	7.32426E-1
1.11696E+2	0.00000E+0	7.32426E-1
1.11568E+2	0.00000E+0	7.32365E-1
1.11448E+2	0.00000E+0	7.32365E-1
1.11319E+2	0.00000E+0	7.32304E-1
1.11218E+2	0.00000E+0	7.32304E-1
1.11090E+2	0.00000E+0	7.32304E-1
1.10965E+2	0.00000E+0	7.32243E-1
1.10836E+2	0.00000E+0	7.32243E-1
1.10718E+2	0.00000E+0	7.32182E-1
1.10590E+2	0.00000E+0	7.32182E-1
1.10453E+2	0.00000E+0	7.32121E-1
1.10337E+2	0.00000E+0	7.32121E-1
1.10237E+2	0.00000E+0	7.32121E-1
1.10122E+2	0.00000E+0	7.32059E-1
1.09986E+2	0.00000E+0	7.32059E-1
1.09867E+2	0.00000E+0	7.32059E-1
1.09765E+2	0.00000E+0	7.31998E-1
1.09636E+2	0.00000E+0	7.31998E-1
1.09513E+2	0.00000E+0	7.31998E-1
1.09399E+2	0.00000E+0	7.31937E-1
1.09298E+2	0.00000E+0	7.31937E-1
1.09177E+2	0.00000E+0	7.31937E-1
1.09049E+2	0.00000E+0	7.31937E-1
1.08929E+2	0.00000E+0	7.31876E-1
1.08810E+2	0.00000E+0	7.31815E-1
1.08688E+2	0.00000E+0	7.31815E-1
1.08561E+2	0.00000E+0	7.31815E-1
1.08437E+2	0.00000E+0	7.31754E-1
1.08316E+2	0.00000E+0	7.31754E-1
1.08204E+2	0.00000E+0	7.31754E-1
1.08084E+2	0.00000E+0	7.31754E-1
1.07953E+2	0.00000E+0	7.31693E-1
1.07828E+2	0.00000E+0	7.31693E-1
1.07715E+2	0.00000E+0	7.31693E-1
1.07601E+2	0.00000E+0	7.31632E-1
1.07483E+2	0.00000E+0	7.31632E-1
1.07363E+2	0.00000E+0	7.31571E-1
1.07243E+2	0.00000E+0	7.31571E-1
1.07125E+2	0.00000E+0	7.31571E-1
1.07006E+2	0.00000E+0	7.31571E-1
1.06895E+2	0.00000E+0	7.31510E-1
1.06768E+2	0.00000E+0	7.31510E-1
1.06661E+2	0.00000E+0	7.31449E-1
1.06537E+2	0.00000E+0	7.31449E-1
1.06421E+2	0.00000E+0	7.31449E-1
1.06304E+2	0.00000E+0	7.31388E-1
1.06184E+2	0.00000E+0	7.31388E-1
1.06073E+2	0.00000E+0	7.31388E-1
1.05971E+2	0.00000E+0	7.31388E-1
1.05863E+2	0.00000E+0	7.31388E-1
1.05739E+2	0.00000E+0	7.31327E-1
1.05633E+2	0.00000E+0	7.31327E-1
1.05513E+2	0.00000E+0	7.31327E-1
1.05397E+2	0.00000E+0	7.31327E-1
1.05279E+2	0.00000E+0	7.31327E-1
1.05177E+2	0.00000E+0	7.31266E-1
1.05054E+2	0.00000E+0	7.31266E-1
1.04942E+2	0.00000E+0	7.31266E-1
1.04832E+2	0.00000E+0	7.31266E-1
1.04714E+2	0.00000E+0	7.31205E-1
1.04595E+2	0.00000E+0	7.31205E-1
1.04492E+2	0.00000E+0	7.31205E-1
1.04384E+2	0.00000E+0	7.31205E-1
1.04276E+2	0.00000E+0	7.31205E-1
1.04163E+2	0.00000E+0	7.31144E-1
1.04047E+2	0.00000E+0	7.31144E-1
1.03941E+2	0.00000E+0	7.31083E-1
1.03830E+2	0.00000E+0	7.31083E-1
1.03724E+2	0.00000E+0	7.31083E-1
1.03614E+2	0.00000E+0	7.31083E-1
1.03498E+2	0.00000E+0	7.31022E-1
1.03366E+2	0.00000E+0	7.31022E-1
1.03253E+2	0.00000E+0	7.31022E-1
1.03126E+2	0.00000E+0	7.31022E-1
1.03009E+2	0.00000E+0	7.30961E-1
1.02909E+2	0.00000E+0	7.30961E-1
1.02798E+2	0.00000E+0	7.30961E-1
1.02675E+2	0.00000E+0	7.30961E-1
1.02541E+2	0.00000E+0	7.30900E-1
1.02403E+2	0.00000E+0	7.30900E-1
1.02301E+2	0.00000E+0	7.30900E-1
1.02194E+2	0.00000E+0	7.30900E-1
1.02089E+2	0.00000E+0	7.30900E-1
1.01972E+2	0.00000E+0	7.30900E-1
1.01870E+2	0.00000E+0	7.30839E-1
1.01767E+2	0.00000E+0	7.30839E-1
1.01652E+2	0.00000E+0	7.30839E-1
1.01526E+2	0.00000E+0	7.30839E-1
1.01418E+2	0.00000E+0	7.30839E-1
1.01306E+2	0.00000E+0	7.30778E-1
1.01199E+2	0.00000E+0	7.30778E-1
1.01096E+2	0.00000E+0	7.30778E-1
1.00985E+2	0.00000E+0	7.30717E-1
1.00876E+2	0.00000E+0	7.30717E-1
1.00742E+2	0.00000E+0	7.30717E-1
1.00634E+2	0.00000E+0	7.30717E-1
1.00511E+2	0.00000E+0	7.30717E-1
1.00408E+2	0.00000E+0	7.30717E-1
1.00305E+2	0.00000E+0	7.30717E-1
1.00194E+2	0.00000E+0	7.30656E-1
1.00094E+2	0.00000E+0	7.30656E-1
9.99932E+1	0.00000E+0	7.30656E-1
9.98906E+1	0.00000E+0	7.30656E-1
9.97758E+1	0.00000E+0	7.30656E-1
9.96506E+1	0.00000E+0	7.30595E-1
9.95275E+1	0.00000E+0	7.30595E-1
9.94252E+1	0.00000E+0	7.30595E-1
9.93096E+1	0.00000E+0	7.30595E-1
9.91831E+1	0.00000E+0	7.30595E-1
9.90784E+1	0.00000E+0	7.30595E-1
9.89561E+1	0.00000E+0	7.30534E-1
9.88335E+1	0.00000E+0	7.30534E-1
9.87122E+1	0.00000E+0	7.30534E-1
9.85971E+1	0.00000E+0	7.30534E-1
9.84922E+1	0.00000E+0	7.30534E-1
9.83745E+1	0.00000E+0	7.30534E-1
9.82738E+1	0.00000E+0	7.30534E-1
9.81522E+1	0.00000E+0	7.30534E-1
9.80340E+1	0.00000E+0	7.30534E-1
9.79158E+1	0.00000E+0	7.30473E-1
9.77953E+1	0.00000E+0	7.30473E-1
9.76823E+1	0.00000E+0	7.30473E-1
9.75821E+1	0.00000E+0	7.30473E-1
9.74608E+1	0.00000E+0	7.30412E-1
9.73447E+1	0.00000E+0	7.30412E-1
9.72218E+1	0.00000E+0	7.30412E-1
9.71042E+1	0.00000E+0	7.30350E-1
9.69888E+1	0.00000E+0	7.30350E-1
9.68670E+1	0.00000E+0	7.30350E-1
9.67540E+1	0.00000E+0	7.30350E-1
9.66366E+1	0.00000E+0	7.30350E-1
9.65182E+1	0.00000E+0	7.30350E-1
9.64003E+1	0.00000E+0	7.30289E-1
9.62875E+1	0.00000E+0	7.30350E-1
9.61748E+1	0.00000E+0	7.30289E-1
9.60556E+1	0.00000E+0	7.30289E-1
9.59462E+1	0.00000E+0	7.30289E-1
9.58382E+1	0.00000E+0	7.30289E-1
9.57223E+1	0.00000E+0	7.30289E-1
9.56013E+1	0.00000E+0	7.30289E-1
9.54919E+1	0.00000E+0	7.30228E-1
9.53782E+1	0.00000E+0	7.30228E-1
9.52686E+1	0.00000E+0	7.30228E-1
9.51597E+1	0.00000E+0	7.30228E-1
9.50431E+1	0.00000E+0	7.30228E-1
9.49327E+1	0.00000E+0	7.30228E-1
9.48169E+1	0.00000E+0	7.30228E-1
9.47065E+1	0.00000E+0	7.30167E-1
9.45935E+1	0.00000E+0	7.30167E-1
9.44813E+1	0.00000E+0	7.30167E-1
9.43805E+1	0.00000E+0	7.30167E-1
9.42665E+1	0.00000E+0	7.30167E-1
9.41551E+1	0.00000E+0	7.30167E-1
9.40431E+1	0.00000E+0	7.30167E-1
9.39364E+1	0.00000E+0	7.30167E-1
9.38249E+1	0.00000E+0	7.30167E-1
9.37070E+1	0.00000E+0	7.30167E-1
9.36031E+1	0.00000E+0	7.30167E-1
9.34927E+1	0.00000E+0	7.30167E-1
9.33860E+1	0.00000E+0	7.30106E-1
9.32740E+1	0.00000E+0	7.30106E-1
9.31712E+1	0.00000E+0	7.30106E-1
9.30634E+1	0.00000E+0	7.30106E-1
9.29434E+1	0.00000E+0	7.30106E-1
9.28210E+1	0.00000E+0	7.30106E-1
9.27005E+1	0.00000E+0	7.30045E-1
9.25930E+1	0.00000E+0	7.30045E-1
9.24847E+1	0.00000E+0	7.30045E-1
9.23842E+1	0.00000E+0	7.30045E-1
9.22834E+1	0.00000E+0	7.29984E-1
9.21764E+1	0.00000E+0	7.29984E-1
9.20699E+1	0.00000E+0	7.29984E-1
9.19681E+1	0.00000E+0	7.29984E-1
9.18608E+1	0.00000E+0	7.29984E-1
9.17603E+1	0.00000E+0	7.29984E-1
9.16465E+1	0.00000E+0	7.29984E-1
9.15431E+1	0.00000E+0	7.29984E-1
9.14408E+1	0.00000E+0	7.29984E-1
9.13397E+1	0.00000E+0	7.29984E-1
9.12387E+1	0.00000E+0	7.29984E-1
9.11268E+1	0.00000E+0	7.29984E-1
9.10039E+1	0.00000E+0	7.29984E-1
9.09016E+1	0.00000E+0	7.29923E-1
9.07688E+1	0.00000E+0	7.29923E-1
9.06564E+1	0.00000E+0	7.29923E-1
9.05473E+1	0.00000E+0	7.29923E-1
9.04208E+1	0.00000E+0	7.29923E-1
9.03192E+1	0.00000E+0	7.29923E-1
9.01990E+1	0.00000E+0	7.29923E-1
9.00743E+1	0.00000E+0	7.29923E-1
8.99616E+1	0.00000E+0	7.29923E-1
8.98527E+1	0.00000E+0	7.29862E-1
8.97486E+1	0.00000E+0	7.29923E-1
8.96343E+1	0.00000E+0	7.29862E-1
8.95281E+1	0.00000E+0	7.29862E-1
8.94244E+1	0.00000E+0	7.29862E-1
8.93060E+1	0.00000E+0	7.29862E-1
8.92039E+1	0.00000E+0	7.29862E-1
8.90834E+1	0.00000E+0	7.29862E-1
8.89579E+1	0.00000E+0	7.29862E-1
8.88494E+1	0.00000E+0	7.29862E-1
8.87488E+1	0.00000E+0	7.29862E-1
8.86358E+1	0.00000E+0	7.29862E-1
8.85270E+1	0.00000E+0	7.29862E-1
8.84127E+1	0.00000E+0	7.29801E-1
8.83044E+1	0.00000E+0	7.29801E-1
8.81914E+1	0.00000E+0	7.29801E-1
8.80800E+1	0.00000E+0	7.29801E-1
8.79784E+1	0.00000E+0	7.29801E-1
8.78761E+1	0.00000E+0	7.29801E-1
8.77564E+1	0.00000E+0	7.29801E-1
8.76551E+1	0.00000E+0	7.29801E-1
8.75384E+1	0.00000E+0	7.29801E-1
8.74327E+1	0.00000E+0	7.29801E-1
8.73221E+1	0.00000E+0	7.29740E-1
8.72192E+1	0.00000E+0	7.29740E-1
8.71114E+1	0.00000E+0	7.29740E-1
8.70034E+1	0.00000E+0	7.29740E-1
8.68953E+1	0.00000E+0	7.29740E-1
8.67930E+1	0.00000E+0	7.29740E-1
8.66896E+1	0.00000E+0	7.29740E-1
8.65813E+1	0.00000E+0	7.29740E-1
8.64722E+1	0.00000E+0	7.29740E-1
8.63709E+1	0.00000E+0	7.29740E-1
8.62603E+1	0.00000E+0	7.29740E-1
8.61535E+1	0.00000E+0	7.29740E-1
8.60468E+1	0.00000E+0	7.29740E-1
8.59416E+1	0.00000E+0	7.29740E-1
8.58296E+1	0.00000E+0	7.29679E-1
8.57278E+1	0.00000E+0	7.29740E-1
8.56143E+1	0.00000E+0	7.29679E-1
8.55010E+1	0.00000E+0	7.29679E-1
8.53971E+1	0.00000E+0	7.29679E-1
8.52849E+1	0.00000E+0	7.29679E-1
8.51652E+1	0.00000E+0	7.29618E-1
8.50647E+1	0.00000E+0	7.29679E-1
8.49642E+1	0.00000E+0	7.29618E-1
8.48597E+1	0.00000E+0	7.29618E-1
8.47447E+1	0.00000E+0	7.29618E-1
8.46195E+1	0.00000E+0	7.29618E-1
8.45073E+1	0.00000E+0	7.29618E-1
8.44042E+1	0.00000E+0	7.29618E-1
8.42987E+1	0.00000E+0	7.29618E-1
8.41886E+1	0.00000E+0	7.29618E-1
8.40873E+1	0.00000E+0	7.29618E-1
8.39857E+1	0.00000E+0	7.29618E-1
8.38842E+1	0.00000E+0	7.29618E-1
8.37751E+1	0.00000E+0	7.29557E-1
8.36709E+1	0.00000E+0	7.29557E-1
8.35644E+1	0.00000E+0	7.29557E-1
8.34512E+1	0.00000E+0	7.29557E-1
8.33436E+1	0.00000E+0	7.29557E-1
8.32299E+1	0.00000E+0	7.29557E-1
8.31208E+1	0.00000E+0	7.29557E-1
8.30091E+1	0.00000E+0	7.29557E-1
8.29047E+1	0.00000E+0	7.29557E-1
8.27953E+1	0.00000E+0	7.29557E-1
8.26919E+1	0.00000E+0	7.29557E-1
8.25909E+1	0.00000E+0	7.29557E-1
8.24797E+1	0.00000E+0	7.29557E-1
8.23735E+1	0.00000E+0	7.29557E-1
8.22631E+1	0.00000E+0	7.29496E-1
8.21525E+1	0.00000E+0	7.29496E-1
8.20460E+1	0.00000E+0	7.29496E-1
8.19431E+1	0.00000E+0	7.29496E-1
8.18265E+1	0.00000E+0	7.29496E-1
8.17127E+1	0.00000E+0	7.29496E-1
8.16096E+1	0.00000E+0	7.29496E-1
8.15047E+1	0.00000E+0	7.29496E-1
8.14023E+1	0.00000E+0	7.29496E-1
8.12779E+1	0.00000E+0	7.29496E-1
8.11623E+1	0.00000E+0	7.29496E-1
8.10494E+1	0.00000E+0	7.29496E-1
8.09455E+1	0.00000E+0	7.29496E-1
8.08262E+1	0.00000E+0	7.29496E-1
8.07252E+1	0.00000E+0	7.29496E-1
8.06236E+1	0.00000E+0	7.29496E-1
8.05138E+1	0.00000E+0	7.29496E-1
8.04060E+1	0.00000E+0	7.29496E-1
8.02901E+1	0.00000E+0	7.29496E-1
8.01743E+1	0.00000E+0	7.29496E-1
8.00738E+1	0.00000E+0	7.29496E-1
7.99732E+1	0.00000E+0	7.29496E-1
7.98704E+1	0.00000E+0	7.29496E-1
7.97670E+1	0.00000E+0	7.29496E-1
7.96579E+1	0.00000E+0	7.29496E-1
7.95442E+1	0.00000E+0	7.29496E-1
7.94296E+1	0.00000E+0	7.29496E-1
7.93174E+1	0.00000E+0	7.29496E-1
7.92099E+1	0.00000E+0	7.29435E-1
7.91049E+1	0.00000E+0	7.29435E-1
7.89922E+1	0.00000E+0	7.29435E-1
7.88816E+1	0.00000E+0	7.29435E-1
7.87725E+1	0.00000E+0	7.29435E-1
7.86587E+1	0.00000E+0	7.29435E-1
7.85473E+1	0.00000E+0	7.29435E-1
7.84309E+1	0.00000E+0	7.29435E-1
7.83275E+1	0.00000E+0	7.29435E-1
7.82255E+1	0.00000E+0	7.29435E-1
7.81195E+1	0.00000E+0	7.29435E-1
7.80135E+1	0.00000E+0	7.29435E-1
7.79119E+1	0.00000E+0	7.29435E-1
7.78049E+1	0.00000E+0	7.29435E-1
7.77042E+1	0.00000E+0	7.29435E-1
7.75984E+1	0.00000E+0	7.29435E-1
7.74951E+1	0.00000E+0	7.29374E-1
7.73899E+1	0.00000E+0	7.29435E-1
7.72849E+1	0.00000E+0	7.29374E-1
7.71769E+1	0.00000E+0	7.29435E-1
7.70691E+1	0.00000E+0	7.29435E-1
7.69673E+1	0.00000E+0	7.29374E-1
7.68543E+1	0.00000E+0	7.29374E-1
7.67527E+1	0.00000E+0	7.29374E-1
7.66512E+1	0.00000E+0	7.29374E-1
7.65387E+1	0.00000E+0	7.29374E-1
7.64301E+1	0.00000E+0	7.29374E-1
7.63231E+1	0.00000E+0	7.29374E-1
7.62203E+1	0.00000E+0	7.29374E-1
7.61094E+1	0.00000E+0	7.29374E-1
7.60068E+1	0.00000E+0	7.29374E-1
7.59042E+1	0.00000E+0	7.29374E-1
7.57971E+1	0.00000E+0	7.29374E-1
7.56969E+1	0.00000E+0	7.29374E-1
7.55865E+1	0.00000E+0	7.29374E-1
7.54860E+1	0.00000E+0	7.29374E-1
7.53745E+1	0.00000E+0	7.29374E-1
7.52712E+1	0.00000E+0	7.29374E-1
7.51618E+1	0.00000E+0	7.29374E-1
7.50553E+1	0.00000E+0	7.29374E-1
7.49486E+1	0.00000E+0	7.29374E-1
7.48392E+1	0.00000E+0	7.29374E-1
7.47384E+1	0.00000E+0	7.29374E-1
7.46322E+1	0.00000E+0	7.29374E-1
7.45234E+1	0.00000E+0	7.29374E-1
7.44210E+1	0.00000E+0	7.29313E-1
7.43177E+1	0.00000E+0	7.29374E-1
7.42099E+1	0.00000E+0	7.29374E-1
7.41055E+1	0.00000E+0	7.29313E-1
7.40029E+1	0.00000E+0	7.29313E-1
7.38982E+1	0.00000E+0	7.29313E-1
7.37930E+1	0.00000E+0	7.29313E-1
7.36894E+1	0.00000E+0	7.29313E-1
7.35865E+1	0.00000E+0	7.29313E-1
7.34831E+1	0.00000E+0	7.29313E-1
7.33810E+1	0.00000E+0	7.29313E-1
7.32784E+1	0.00000E+0	7.29313E-1
7.31657E+1	0.00000E+0	7.29313E-1
7.30558E+1	0.00000E+0	7.29313E-1
7.29551E+1	0.00000E+0	7.29313E-1
7.28543E+1	0.00000E+0	7.29313E-1
7.27436E+1	0.00000E+0	7.29313E-1
7.26384E+1	0.00000E+0	7.29313E-1
7.25291E+1	0.00000E+0	7.29313E-1
7.24226E+1	0.00000E+0	7.29313E-1
7.23151E+1	0.00000E+0	7.29313E-1
7.22083E+1	0.00000E+0	7.29313E-1
7.20971E+1	0.00000E+0	7.29313E-1
7.19909E+1	0.00000E+0	7.29313E-1
7.18870E+1	0.00000E+0	7.29313E-1
7.17810E+1	0.00000E+0	7.29313E-1
7.16748E+1	0.00000E+0	7.29313E-1
7.15701E+1	0.00000E+0	7.29313E-1
7.14678E+1	0.00000E+0	7.29252E-1
7.13675E+1	0.00000E+0	7.29252E-1
7.12662E+1	0.00000E+0	7.29313E-1
7.11634E+1	0.00000E+0	7.29252E-1
7.10610E+1	0.00000E+0	7.29313E-1
7.09582E+1	0.00000E+0	7.29252E-1
7.08540E+1	0.00000E+0	7.29252E-1
7.07540E+1	0.00000E+0	7.29252E-1
7.06522E+1	0.00000E+0	7.29252E-1
7.05506E+1	0.00000E+0	7.29252E-1
7.04462E+1	0.00000E+0	7.29252E-1
7.03426E+1	0.00000E+0	7.29252E-1
7.02390E+1	0.00000E+0	7.29252E-1
7.01317E+1	0.00000E+0	7.29252E-1
7.00210E+1	0.00000E+0	7.29252E-1
6.99164E+1	0.00000E+0	7.29313E-1
6.98109E+1	0.00000E+0	7.29252E-1
6.97081E+1	0.00000E+0	7.29252E-1
6.96049E+1	0.00000E+0	7.29252E-1
6.94964E+1	0.00000E+0	7.29252E-1
6.93906E+1	0.00000E+0	7.29252E-1
6.92860E+1	0.00000E+0	7.29252E-1
6.91813E+1	0.00000E+0	7.29252E-1
6.90727E+1	0.00000E+0	7.29252E-1
6.89665E+1	0.00000E+0	7.29252E-1
6.88626E+1	0.00000E+0	7.29252E-1
6.87545E+1	0.00000E+0	7.29252E-1
6.86525E+1	0.00000E+0	7.29252E-1
6.85517E+1	0.00000E+0	7.29252E-1
6.84506E+1	0.00000E+0	7.29252E-1
6.83504E+1	0.00000E+0	7.29252E-1
6.82431E+1	0.00000E+0	7.29252E-1
6.81390E+1	0.00000E+0	7.29252E-1
6.80343E+1	0.00000E+0	7.29252E-1
6.79281E+1	0.00000E+0	7.29252E-1
6.78255E+1	0.00000E+0	7.29252E-1
6.77205E+1	0.00000E+0	7.29252E-1
6.76091E+1	0.00000E+0	7.29252E-1
6.75068E+1	0.00000E+0	7.29252E-1
6.73966E+1	0.00000E+0	7.29252E-1
6.72961E+1	0.00000E+0	7.29252E-1
6.71919E+1	0.00000E+0	7.29252E-1
6.70912E+1	0.00000E+0	7.29252E-1
6.69906E+1	0.00000E+0	7.29252E-1
6.68839E+1	0.00000E+0	7.29252E-1
6.67821E+1	0.00000E+0	7.29252E-1
6.66735E+1	0.00000E+0	7.29252E-1
6.65732E+1	0.00000E+0	7.29252E-1
6.64717E+1	0.00000E+0	7.29252E-1
6.63686E+1	0.00000E+0	7.29252E-1
6.62649E+1	0.00000E+0	7.29252E-1
6.61590E+1	0.00000E+0	7.29252E-1
6.60538E+1	0.00000E+0	7.29252E-1
6.59501E+1	0.00000E+0	7.29252E-1
6.58496E+1	0.00000E+0	7.29252E-1
6.57494E+1	0.00000E+0	7.29252E-1
6.56444E+1	0.00000E+0	7.29252E-1
6.55382E+1	0.00000E+0	7.29252E-1
6.54309E+1	0.00000E+0	7.29252E-1
6.53262E+1	0.00000E+0	7.29252E-1
6.52229E+1	0.00000E+0	7.29252E-1
6.51177E+1	0.00000E+0	7.29252E-1
6.50143E+1	0.00000E+0	7.29252E-1
6.49117E+1	0.00000E+0	7.29252E-1
6.48101E+1	0.00000E+0	7.29252E-1
6.47065E+1	0.00000E+0	7.29252E-1
6.46026E+1	0.00000E+0	7.29252E-1
6.44995E+1	0.00000E+0	7.29252E-1
6.43912E+1	0.00000E+0	7.29252E-1
6.42862E+1	0.00000E+0	7.29252E-1
6.41852E+1	0.00000E+0	7.29252E-1
6.40831E+1	0.00000E+0	7.29252E-1
6.39823E+1	0.00000E+0	7.29252E-1
6.38818E+1	0.00000E+0	7.29252E-1
6.37769E+1	0.00000E+0	7.29252E-1
6.36704E+1	0.00000E+0	7.29252E-1
6.35699E+1	0.00000E+0	7.29252E-1
6.34649E+1	0.00000E+0	7.29252E-1
6.33610E+1	0.00000E+0	7.29252E-1
6.32571E+1	0.00000E+0	7.29252E-1
6.31556E+1	0.00000E+0	7.29252E-1
6.30504E+1	0.00000E+0	7.29252E-1
6.29496E+1	0.00000E+0	7.29252E-1
6.28423E+1	0.00000E+0	7.29252E-1
6.27377E+1	0.00000E+0	7.29252E-1
6.26374E+1	0.00000E+0	7.29252E-1
6.25319E+1	0.00000E+0	7.29252E-1
6.24296E+1	0.00000E+0	7.29252E-1
6.23294E+1	0.00000E+0	7.29252E-1
6.22249E+1	0.00000E+0	7.29252E-1
6.21234E+1	0.00000E+0	7.29252E-1
6.20156E+1	0.00000E+0	7.29252E-1
6.19104E+1	0.00000E+0	7.29252E-1
6.18062E+1	0.00000E+0	7.29252E-1
6.17034E+1	0.00000E+0	7.29252E-1
6.15984E+1	0.00000E+0	7.29252E-1
6.14932E+1	0.00000E+0	7.29252E-1
6.13919E+1	0.00000E+0	7.29252E-1
6.12912E+1	0.00000E+0	7.29252E-1
6.11878E+1	0.00000E+0	7.29252E-1
6.10847E+1	0.00000E+0	7.29252E-1
6.09829E+1	0.00000E+0	7.29252E-1
6.08813E+1	0.00000E+0	7.29252E-1
6.07790E+1	0.00000E+0	7.29252E-1
6.06761E+1	0.00000E+0	7.29252E-1
6.05727E+1	0.00000E+0	7.29252E-1
6.04691E+1	0.00000E+0	7.29252E-1
6.03691E+1	0.00000E+0	7.29252E-1
6.02647E+1	0.00000E+0	7.29252E-1
6.01600E+1	0.00000E+0	7.29252E-1
6.00571E+1	0.00000E+0	7.29252E-1
5.99514E+1	0.00000E+0	7.29252E-1
5.98501E+1	0.00000E+0	7.29252E-1
5.97470E+1	0.00000E+0	7.29252E-1
5.96439E+1	0.00000E+0	7.29252E-1
5.95421E+1	0.00000E+0	7.29252E-1
5.94384E+1	0.00000E+0	7.29252E-1
5.93377E+1	0.00000E+0	7.29252E-1
5.92356E+1	0.00000E+0	7.29252E-1
5.91351E+1	0.00000E+0	7.29252E-1
5.90330E+1	0.00000E+0	7.29252E-1
5.89312E+1	0.00000E+0	7.29252E-1
5.88270E+1	0.00000E+0	7.29252E-1
5.87226E+1	0.00000E+0	7.29252E-1
5.86205E+1	0.00000E+0	7.29252E-1
5.85169E+1	0.00000E+0	7.29252E-1
5.84125E+1	0.00000E+0	7.29252E-1
5.83091E+1	0.00000E+0	7.29313E-1
5.82039E+1	0.00000E+0	7.29313E-1
5.81010E+1	0.00000E+0	7.29313E-1
5.80010E+1	0.00000E+0	7.29313E-1
5.78992E+1	0.00000E+0	7.29252E-1
5.77953E+1	0.00000E+0	7.29252E-1
5.76899E+1	0.00000E+0	7.29252E-1
5.75883E+1	0.00000E+0	7.29313E-1
5.74857E+1	0.00000E+0	7.29313E-1
5.73847E+1	0.00000E+0	7.29313E-1
5.72839E+1	0.00000E+0	7.29313E-1
5.71839E+1	0.00000E+0	7.29313E-1
5.70805E+1	0.00000E+0	7.29313E-1
5.69782E+1	0.00000E+0	7.29313E-1
5.68779E+1	0.00000E+0	7.29313E-1
5.67774E+1	0.00000E+0	7.29313E-1
5.66756E+1	0.00000E+0	7.29313E-1
5.65722E+1	0.00000E+0	7.29313E-1
5.64701E+1	0.00000E+0	7.29313E-1
5.63686E+1	0.00000E+0	7.29313E-1
5.62647E+1	0.00000E+0	7.29313E-1
5.61608E+1	0.00000E+0	7.29313E-1
5.60608E+1	0.00000E+0	7.29313E-1
5.59587E+1	0.00000E+0	7.29313E-1
5.58587E+1	0.00000E+0	7.29313E-1
5.57569E+1	0.00000E+0	7.29313E-1
5.56561E+1	0.00000E+0	7.29313E-1
5.55551E+1	0.00000E+0	7.29313E-1
5.54543E+1	0.00000E+0	7.29313E-1
5.53514E+1	0.00000E+0	7.29313E-1
5.52475E+1	0.00000E+0	7.29313E-1
5.51465E+1	0.00000E+0	7.29374E-1
5.50444E+1	0.00000E+0	7.29313E-1
5.49413E+1	0.00000E+0	7.29374E-1
5.48403E+1	0.00000E+0	7.29313E-1
5.47392E+1	0.00000E+0	7.29374E-1
5.46369E+1	0.00000E+0	7.29374E-1
5.45364E+1	0.00000E+0	7.29374E-1
5.44327E+1	0.00000E+0	7.29374E-1
5.43296E+1	0.00000E+0	7.29374E-1
5.42294E+1	0.00000E+0	7.29374E-1
5.41291E+1	0.00000E+0	7.29374E-1
5.40286E+1	0.00000E+0	7.29374E-1
5.39255E+1	0.00000E+0	7.29374E-1
5.38218E+1	0.00000E+0	7.29374E-1
5.37158E+1	0.00000E+0	7.29374E-1
5.36130E+1	0.00000E+0	7.29374E-1
5.35088E+1	0.00000E+0	7.29374E-1
5.34062E+1	0.00000E+0	7.29374E-1
5.33036E+1	0.00000E+0	7.29374E-1
5.31992E+1	0.00000E+0	7.29374E-1
5.30886E+1	0.00000E+0	7.29374E-1
5.29886E+1	0.00000E+0	7.29374E-1
5.28849E+1	0.00000E+0	7.29374E-1
5.27834E+1	0.00000E+0	7.29374E-1
5.26727E+1	0.00000E+0	7.29374E-1
5.25706E+1	0.00000E+0	7.29374E-1
5.24574E+1	0.00000E+0	7.29435E-1
5.23470E+1	0.00000E+0	7.29435E-1
5.22377E+1	0.00000E+0	7.29374E-1
5.21319E+1	0.00000E+0	7.29435E-1
5.20210E+1	0.00000E+0	7.29435E-1
5.19117E+1	0.00000E+0	7.29435E-1
5.18021E+1	0.00000E+0	7.29435E-1
5.16935E+1	0.00000E+0	7.29435E-1
5.15834E+1	0.00000E+0	7.29435E-1
5.14782E+1	0.00000E+0	7.29435E-1
5.13719E+1	0.00000E+0	7.29435E-1
5.12618E+1	0.00000E+0	7.29435E-1
5.11561E+1	0.00000E+0	7.29435E-1
5.10506E+1	0.00000E+0	7.29435E-1
5.09452E+1	0.00000E+0	7.29496E-1
5.08408E+1	0.00000E+0	7.29435E-1
5.07374E+1	0.00000E+0	7.29496E-1
5.06358E+1	0.00000E+0	7.29496E-1
5.05345E+1	0.00000E+0	7.29496E-1
5.04234E+1	0.00000E+0	7.29496E-1
5.03231E+1	0.00000E+0	7.29496E-1
5.02130E+1	0.00000E+0	7.29496E-1
5.01117E+1	0.00000E+0	7.29496E-1
5.00114E+1	0.00000E+0	7.29496E-1
4.99021E+1	0.00000E+0	7.29496E-1
4.97917E+1	0.00000E+0	7.29496E-1
4.96881E+1	0.00000E+0	7.29496E-1
4.95774E+1	0.00000E+0	7.29496E-1
4.94714E+1	0.00000E+0	7.29496E-1
4.93657E+1	0.00000E+0	7.29496E-1
4.92600E+1	0.00000E+0	7.29496E-1
4.91553E+1	0.00000E+0	7.29496E-1
4.90527E+1	0.00000E+0	7.29496E-1
4.89504E+1	0.00000E+0	7.29496E-1
4.88462E+1	0.00000E+0	7.29496E-1
4.87403E+1	0.00000E+0	7.29496E-1
4.86327E+1	0.00000E+0	7.29557E-1
4.85314E+1	0.00000E+0	7.29557E-1
4.84309E+1	0.00000E+0	7.29557E-1
4.83226E+1	0.00000E+0	7.29557E-1
4.82158E+1	0.00000E+0	7.29557E-1
4.81062E+1	0.00000E+0	7.29557E-1
4.80018E+1	0.00000E+0	7.29557E-1
4.78951E+1	0.00000E+0	7.29557E-1
4.77888E+1	0.00000E+0	7.29557E-1
4.76847E+1	0.00000E+0	7.29557E-1
4.75816E+1	0.00000E+0	7.29557E-1
4.74748E+1	0.00000E+0	7.29557E-1
4.73727E+1	0.00000E+0	7.29618E-1
4.72670E+1	0.00000E+0	7.29557E-1
4.71647E+1	0.00000E+0	7.29618E-1
4.70634E+1	0.00000E+0	7.29618E-1
4.69623E+1	0.00000E+0	7.29618E-1
4.68579E+1	0.00000E+0	7.29618E-1
4.67579E+1	0.00000E+0	7.29618E-1
4.66501E+1	0.00000E+0	7.29618E-1
4.65436E+1	0.00000E+0	7.29618E-1
4.64387E+1	0.00000E+0	7.29618E-1
4.63330E+1	0.00000E+0	7.29618E-1
4.62275E+1	0.00000E+0	7.29618E-1
4.61239E+1	0.00000E+0	7.29618E-1
4.60223E+1	0.00000E+0	7.29679E-1
4.59177E+1	0.00000E+0	7.29679E-1
4.58169E+1	0.00000E+0	7.29679E-1
4.57148E+1	0.00000E+0	7.29679E-1
4.56119E+1	0.00000E+0	7.29679E-1
4.55060E+1	0.00000E+0	7.29679E-1
4.54055E+1	0.00000E+0	7.29740E-1
4.52995E+1	0.00000E+0	7.29679E-1
4.51917E+1	0.00000E+0	7.29740E-1
4.50906E+1	0.00000E+0	7.29740E-1
4.49834E+1	0.00000E+0	7.29740E-1
4.48790E+1	0.00000E+0	7.29740E-1
4.47751E+1	0.00000E+0	7.29740E-1
4.46691E+1	0.00000E+0	7.29740E-1
4.45657E+1	0.00000E+0	7.29740E-1
4.44655E+1	0.00000E+0	7.29740E-1
4.43639E+1	0.00000E+0	7.29740E-1
4.42608E+1	0.00000E+0	7.29801E-1
4.41558E+1	0.00000E+0	7.29801E-1
4.40553E+1	0.00000E+0	7.29801E-1
4.39486E+1	0.00000E+0	7.29801E-1
4.38478E+1	0.00000E+0	7.29801E-1
4.37473E+1	0.00000E+0	7.29801E-1
4.36434E+1	0.00000E+0	7.29801E-1
4.35392E+1	0.00000E+0	7.29801E-1
4.34351E+1	0.00000E+0	7.29801E-1
4.33330E+1	0.00000E+0	7.29801E-1
4.32278E+1	0.00000E+0	7.29801E-1
4.31252E+1	0.00000E+0	7.29801E-1
4.30177E+1	0.00000E+0	7.29801E-1
4.29169E+1	0.00000E+0	7.29862E-1
4.28117E+1	0.00000E+0	7.29801E-1
4.27065E+1	0.00000E+0	7.29862E-1
4.25982E+1	0.00000E+0	7.29801E-1
4.24956E+1	0.00000E+0	7.29862E-1
4.23925E+1	0.00000E+0	7.29862E-1
4.22904E+1	0.00000E+0	7.29862E-1
4.21849E+1	0.00000E+0	7.29862E-1
4.20792E+1	0.00000E+0	7.29862E-1
4.19745E+1	0.00000E+0	7.29862E-1
4.18745E+1	0.00000E+0	7.29862E-1
4.17706E+1	0.00000E+0	7.29862E-1
4.16691E+1	0.00000E+0	7.29923E-1
4.15660E+1	0.00000E+0	7.29923E-1
4.14566E+1	0.00000E+0	7.29923E-1
4.13558E+1	0.00000E+0	7.29923E-1
4.12478E+1	0.00000E+0	7.29923E-1
4.11447E+1	0.00000E+0	7.29923E-1
4.10431E+1	0.00000E+0	7.29923E-1
4.09387E+1	0.00000E+0	7.29923E-1
4.08379E+1	0.00000E+0	7.29923E-1
4.07369E+1	0.00000E+0	7.29923E-1
4.06340E+1	0.00000E+0	7.29984E-1
4.05283E+1	0.00000E+0	7.29984E-1
4.04239E+1	0.00000E+0	7.29984E-1
4.03190E+1	0.00000E+0	7.29984E-1
4.02177E+1	0.00000E+0	7.29984E-1
4.01132E+1	0.00000E+0	7.29984E-1
4.00094E+1	0.00000E+0	7.29984E-1
3.99091E+1	0.00000E+0	7.29984E-1
3.98044E+1	0.00000E+0	7.29984E-1
3.97042E+1	0.00000E+0	7.29984E-1
3.96016E+1	0.00000E+0	7.29984E-1
3.94997E+1	0.00000E+0	7.30045E-1
3.93992E+1	0.00000E+0	7.30045E-1
3.92977E+1	0.00000E+0	7.30045E-1
3.91969E+1	0.00000E+0	7.30045E-1
3.90969E+1	0.00000E+0	7.30106E-1
3.89964E+1	0.00000E+0	7.30045E-1
3.88932E+1	0.00000E+0	7.30106E-1
3.87873E+1	0.00000E+0	7.30106E-1
3.86823E+1	0.00000E+0	7.30106E-1
3.85782E+1	0.00000E+0	7.30106E-1
3.84761E+1	0.00000E+0	7.30106E-1
3.83756E+1	0.00000E+0	7.30106E-1
3.82753E+1	0.00000E+0	7.30106E-1
3.81732E+1	0.00000E+0	7.30106E-1
3.80727E+1	0.00000E+0	7.30167E-1
3.79706E+1	0.00000E+0	7.30167E-1
3.78657E+1	0.00000E+0	7.30167E-1
3.77626E+1	0.00000E+0	7.30167E-1
3.76605E+1	0.00000E+0	7.30167E-1
3.75551E+1	0.00000E+0	7.30167E-1
3.74506E+1	0.00000E+0	7.30167E-1
3.73481E+1	0.00000E+0	7.30167E-1
3.72473E+1	0.00000E+0	7.30167E-1
3.71468E+1	0.00000E+0	7.30167E-1
3.70457E+1	0.00000E+0	7.30228E-1
3.69452E+1	0.00000E+0	7.30228E-1
3.68410E+1	0.00000E+0	7.30228E-1
3.67361E+1	0.00000E+0	7.30228E-1
3.66288E+1	0.00000E+0	7.30228E-1
3.65229E+1	0.00000E+0	7.30228E-1
3.64213E+1	0.00000E+0	7.30289E-1
3.63158E+1	0.00000E+0	7.30228E-1
3.62127E+1	0.00000E+0	7.30289E-1
3.61117E+1	0.00000E+0	7.30289E-1
3.60101E+1	0.00000E+0	7.30289E-1
3.59055E+1	0.00000E+0	7.30289E-1
3.58026E+1	0.00000E+0	7.30289E-1
3.57013E+1	0.00000E+0	7.30289E-1
3.55987E+1	0.00000E+0	7.30289E-1
3.54982E+1	0.00000E+0	7.30350E-1
3.53974E+1	0.00000E+0	7.30350E-1
