0.000	36.296
1.000	36.288
2.000	36.286
3.000	36.271
4.000	36.267
5.000	36.261
6.000	36.258
7.000	36.255
8.000	36.251
9.000	36.253
10.000	36.261
11.000	36.268
12.000	36.285
13.000	36.299
14.000	36.321
15.000	36.347
16.000	36.367
17.000	36.410
18.000	36.436
19.000	36.467
20.000	36.498
21.000	36.550
22.000	36.582
23.000	36.621
24.000	36.652
25.000	36.698
26.000	36.738
27.000	36.770
28.000	36.824
29.000	36.870
30.000	36.903
31.000	36.937
32.000	36.986
33.000	37.019
34.000	37.067
35.000	37.119
36.000	37.159
37.000	37.198
38.000	37.248
39.000	37.290
40.000	37.331
41.000	37.373
42.000	37.415
43.000	37.460
44.000	37.506
45.000	37.547
46.000	37.599
47.000	37.629
48.000	37.682
49.000	37.725
50.000	37.773
51.000	37.802
52.000	37.852
53.000	37.903
54.000	37.937
55.000	37.985
56.000	38.037
57.000	38.080
58.000	38.118
59.000	38.167
60.000	38.214
61.000	38.244
62.000	38.293
63.000	38.344
64.000	38.384
65.000	38.430
66.000	38.469
67.000	38.517
68.000	38.561
69.000	38.605
70.000	38.648
71.000	38.698
72.000	38.732
73.000	38.788
74.000	38.836
75.000	38.874
76.000	38.917
77.000	38.961
78.000	39.006
79.000	39.054
80.000	39.103
81.000	39.146
82.000	39.179
83.000	39.229
84.000	39.275
85.000	39.322
86.000	39.366
87.000	39.415
88.000	39.459
89.000	39.495
90.000	39.541
91.000	39.590
92.000	39.636
93.000	39.679
94.000	39.718
95.000	39.769
96.000	39.809
97.000	39.862
98.000	39.911
99.000	39.949
100.000	39.994
101.000	40.038
102.000	40.095
103.000	40.121
104.000	40.172
105.000	40.222
106.000	40.254
107.000	40.304
108.000	40.364
109.000	40.407
110.000	40.438
111.000	40.488
112.000	40.539
113.000	40.575
114.000	40.627
115.000	40.676
116.000	40.725
117.000	40.759
118.000	40.806
119.000	40.851
120.000	40.890
121.000	40.947
122.000	40.985
123.000	41.041
124.000	41.075
125.000	41.128
126.000	41.175
127.000	41.209
128.000	41.260
129.000	41.311
130.000	41.357
131.000	41.392
132.000	41.446
133.000	41.491
134.000	41.522
135.000	41.571
136.000	41.621
137.000	41.674
138.000	41.715
139.000	41.759
140.000	41.806
141.000	41.839
142.000	41.887
143.000	41.934
144.000	41.991
145.000	42.025
146.000	42.070
147.000	42.124
148.000	42.156
149.000	42.213
150.000	42.260
151.000	42.290
152.000	42.338
153.000	42.384
154.000	42.435
155.000	42.479
156.000	42.528
157.000	42.576
158.000	42.609
159.000	42.659
160.000	42.712
161.000	42.750
162.000	42.797
163.000	42.843
164.000	42.890
165.000	42.928
166.000	42.977
167.000	43.012
168.000	43.069
169.000	43.103
170.000	43.151
171.000	43.205
172.000	43.238
173.000	43.283
174.000	43.329
175.000	43.388
176.000	43.418
177.000	43.466
178.000	43.516
179.000	43.556
180.000	43.604
181.000	43.649
182.000	43.693
183.000	43.725
184.000	43.775
185.000	43.831
186.000	43.865
187.000	43.916
188.000	43.962
189.000	44.006
190.000	44.052
191.000	44.097
192.000	44.137
193.000	44.181
194.000	44.224
195.000	44.269
196.000	44.315
197.000	44.364
198.000	44.408
199.000	44.456
200.000	44.488
201.000	44.534
202.000	44.589
203.000	44.636
204.000	44.672
205.000	44.722
206.000	44.768
207.000	44.796
208.000	44.846
209.000	44.894
210.000	44.936
211.000	44.984
212.000	45.026
213.000	45.071
214.000	45.115
215.000	45.156
216.000	45.201
217.000	45.252
218.000	45.283
219.000	45.334
220.000	45.385
221.000	45.417
222.000	45.463
223.000	45.512
224.000	45.548
225.000	45.601
226.000	45.645
227.000	45.696
228.000	45.725
229.000	45.772
230.000	45.824
231.000	45.856
232.000	45.904
233.000	45.960
234.000	46.003
235.000	46.032
236.000	46.079
237.000	46.124
238.000	46.170
239.000	46.215
240.000	46.264
241.000	46.310
242.000	46.340
243.000	46.395
244.000	46.428
245.000	46.479
246.000	46.522
247.000	46.570
248.000	46.613
249.000	46.644
250.000	46.691
251.000	46.736
252.000	46.783
253.000	46.829
254.000	46.876
255.000	46.922
256.000	46.953
257.000	46.994
258.000	47.044
259.000	47.086
260.000	47.134
261.000	47.180
262.000	47.227
263.000	47.254
264.000	47.296
265.000	47.347
266.000	47.390
267.000	47.437
268.000	47.485
269.000	47.526
270.000	47.565
271.000	47.604
272.000	47.649
273.000	47.693
274.000	47.731
275.000	47.777
276.000	47.815
277.000	47.866
278.000	47.914
279.000	47.959
280.000	47.993
281.000	48.040
282.000	48.085
283.000	48.119
284.000	48.161
285.000	48.209
286.000	48.257
287.000	48.295
288.000	48.344
289.000	48.392
290.000	48.418
291.000	48.464
292.000	48.509
293.000	48.554
294.000	48.597
295.000	48.637
296.000	48.686
297.000	48.719
298.000	48.769
299.000	48.812
300.000	48.850
301.000	48.896
302.000	48.935
303.000	48.985
304.000	49.016
305.000	49.063
306.000	49.106
307.000	49.153
308.000	49.196
309.000	49.240
310.000	49.285
311.000	49.323
312.000	49.364
313.000	49.412
314.000	49.451
315.000	49.492
316.000	49.528
317.000	49.577
318.000	49.622
319.000	49.665
320.000	49.702
321.000	49.747
322.000	49.788
323.000	49.835
324.000	49.878
325.000	49.912
326.000	49.961
327.000	50.001
328.000	50.044
329.000	50.088
330.000	50.133
331.000	50.177
332.000	50.207
333.000	50.252
334.000	50.302
335.000	50.339
336.000	50.378
337.000	50.431
338.000	50.468
339.000	50.504
340.000	50.549
341.000	50.596
342.000	50.635
343.000	50.681
344.000	50.723
345.000	50.761
346.000	50.804
347.000	50.842
348.000	50.886
349.000	50.926
350.000	50.972
351.000	51.010
352.000	51.062
353.000	51.094
354.000	51.139
355.000	51.182
356.000	51.216
357.000	51.259
358.000	51.313
359.000	51.344
360.000	51.390
361.000	51.436
362.000	51.472
363.000	51.517
364.000	51.558
365.000	51.599
366.000	51.639
367.000	51.671
368.000	51.728
369.000	51.767
370.000	51.796
371.000	51.846
372.000	51.897
373.000	51.938
374.000	51.969
375.000	52.021
376.000	52.061
377.000	52.099
378.000	52.140
379.000	52.187
380.000	52.222
381.000	52.260
382.000	52.302
383.000	52.347
384.000	52.382
385.000	52.432
386.000	52.467
387.000	52.514
388.000	52.557
389.000	52.599
390.000	52.633
391.000	52.677
392.000	52.722
393.000	52.761
394.000	52.801
395.000	52.835
396.000	52.882
397.000	52.927
398.000	52.966
399.000	53.011
400.000	53.052
401.000	53.088
402.000	53.133
403.000	53.177
404.000	53.214
405.000	53.254
406.000	53.298
407.000	53.331
408.000	53.377
409.000	53.422
410.000	53.461
411.000	53.505
412.000	53.544
413.000	53.583
414.000	53.634
415.000	53.662
416.000	53.704
417.000	53.744
418.000	53.785
419.000	53.831
420.000	53.868
421.000	53.914
422.000	53.952
423.000	53.989
424.000	54.035
425.000	54.076
426.000	54.111
427.000	54.159
428.000	54.197
429.000	54.232
430.000	54.280
431.000	54.319
432.000	54.360
433.000	54.402
434.000	54.444
435.000	54.489
436.000	54.518
437.000	54.562
438.000	54.610
439.000	54.652
440.000	54.688
441.000	54.725
442.000	54.766
443.000	54.806
444.000	54.851
445.000	54.896
446.000	54.929
447.000	54.973
448.000	55.011
449.000	55.059
450.000	55.092
451.000	55.129
452.000	55.178
453.000	55.211
454.000	55.255
455.000	55.296
456.000	55.333
457.000	55.365
458.000	55.407
459.000	55.459
460.000	55.487
461.000	55.541
462.000	55.578
463.000	55.615
464.000	55.645
465.000	55.701
466.000	55.735
467.000	55.775
468.000	55.819
469.000	55.851
470.000	55.898
471.000	55.940
472.000	55.981
473.000	56.017
474.000	56.049
475.000	56.093
476.000	56.129
477.000	56.177
478.000	56.208
479.000	56.260
480.000	56.293
481.000	56.339
482.000	56.372
483.000	56.412
484.000	56.453
485.000	56.497
486.000	56.528
487.000	56.578
488.000	56.617
489.000	56.660
490.000	56.693
491.000	56.744
492.000	56.777
493.000	56.817
494.000	56.856
495.000	56.893
496.000	56.936
497.000	56.979
498.000	57.019
499.000	57.050
500.000	57.092
501.000	57.138
502.000	57.166
503.000	57.211
504.000	57.251
505.000	57.288
506.000	57.332
507.000	57.370
508.000	57.416
509.000	57.446
510.000	57.485
511.000	57.531
512.000	57.561
513.000	57.609
514.000	57.650
515.000	57.690
516.000	57.721
517.000	57.764
518.000	57.803
519.000	57.836
520.000	57.880
521.000	57.922
522.000	57.969
523.000	57.997
524.000	58.040
525.000	58.075
526.000	58.123
527.000	58.155
528.000	58.199
529.000	58.232
530.000	58.276
531.000	58.313
532.000	58.356
533.000	58.386
534.000	58.426
535.000	58.471
536.000	58.511
537.000	58.549
538.000	58.596
539.000	58.637
540.000	58.660
541.000	58.708
542.000	58.740
543.000	58.786
544.000	58.819
545.000	58.868
546.000	58.904
547.000	58.945
548.000	58.982
549.000	59.024
550.000	59.068
551.000	59.098
552.000	59.131
553.000	59.176
554.000	59.211
555.000	59.256
556.000	59.290
557.000	59.332
558.000	59.372
559.000	59.411
560.000	59.456
561.000	59.489
562.000	59.530
563.000	59.568
564.000	59.597
565.000	59.644
566.000	59.687
567.000	59.729
568.000	59.759
569.000	59.792
570.000	59.836
571.000	59.868
572.000	59.918
573.000	59.958
574.000	59.999
575.000	60.029
576.000	60.071
577.000	60.108
578.000	60.140
579.000	60.180
580.000	60.221
581.000	60.258
582.000	60.300
583.000	60.337
584.000	60.381
585.000	60.409
586.000	60.451
587.000	60.498
588.000	60.530
589.000	60.571
590.000	60.599
591.000	60.653
592.000	60.685
593.000	60.726
594.000	60.758
595.000	60.808
596.000	60.841
597.000	60.883
598.000	60.916
599.000	60.944
600.000	60.995
601.000	61.037
602.000	61.068
603.000	61.109
604.000	61.142
605.000	61.183
606.000	61.216
607.000	61.257
608.000	61.298
609.000	61.335
610.000	61.368
611.000	61.410
612.000	61.450
613.000	61.486
614.000	61.531
615.000	61.564
616.000	61.609
617.000	61.642
618.000	61.685
619.000	61.715
620.000	61.758
621.000	61.791
622.000	61.840
623.000	61.867
624.000	61.912
625.000	61.953
626.000	61.985
627.000	62.027
628.000	62.062
629.000	62.094
630.000	62.128
631.000	62.173
632.000	62.210
633.000	62.258
634.000	62.286
635.000	62.324
636.000	62.367
637.000	62.402
638.000	62.434
639.000	62.484
640.000	62.516
641.000	62.555
642.000	62.592
643.000	62.636
644.000	62.666
645.000	62.706
646.000	62.742
647.000	62.790
648.000	62.822
649.000	62.854
650.000	62.895
651.000	62.932
652.000	62.969
653.000	63.006
654.000	63.042
655.000	63.075
656.000	63.123
657.000	63.156
658.000	63.197
659.000	63.226
660.000	63.270
661.000	63.308
662.000	63.338
663.000	63.382
664.000	63.428
665.000	63.449
666.000	63.493
667.000	63.528
668.000	63.572
669.000	63.600
670.000	63.643
671.000	63.683
672.000	63.716
673.000	63.757
674.000	63.790
675.000	63.834
676.000	63.871
677.000	63.913
678.000	63.951
679.000	63.981
680.000	64.017
681.000	64.051
682.000	64.090
683.000	64.133
684.000	64.165
685.000	64.199
686.000	64.237
687.000	64.281
688.000	64.324
689.000	64.345
690.000	64.391
691.000	64.434
692.000	64.472
693.000	64.499
694.000	64.537
695.000	64.577
696.000	64.613
697.000	64.655
698.000	64.684
699.000	64.727
700.000	64.764
701.000	64.798
702.000	64.840
703.000	64.870
704.000	64.906
705.000	64.949
706.000	64.989
707.000	65.019
708.000	65.052
709.000	65.093
710.000	65.126
711.000	65.166
712.000	65.200
713.000	65.242
714.000	65.277
715.000	65.311
716.000	65.351
717.000	65.385
718.000	65.423
719.000	65.467
720.000	65.505
721.000	65.540
722.000	65.572
723.000	65.613
724.000	65.642
725.000	65.679
726.000	65.722
727.000	65.763
728.000	65.791
729.000	65.831
730.000	65.865
731.000	65.904
732.000	65.938
733.000	65.973
734.000	66.016
735.000	66.047
736.000	66.086
737.000	66.120
738.000	66.155
739.000	66.194
740.000	66.233
741.000	66.278
742.000	66.306
743.000	66.341
744.000	66.382
745.000	66.410
746.000	66.458
747.000	66.498
748.000	66.516
749.000	66.558
750.000	66.601
751.000	66.632
752.000	66.672
753.000	66.702
754.000	66.740
755.000	66.772
756.000	66.816
757.000	66.854
758.000	66.896
759.000	66.927
760.000	66.962
761.000	66.997
762.000	67.030
763.000	67.070
764.000	67.113
765.000	67.150
766.000	67.173
767.000	67.216
768.000	67.249
769.000	67.283
770.000	67.328
771.000	67.360
772.000	67.406
773.000	67.437
774.000	67.469
775.000	67.503
776.000	67.534
777.000	67.577
778.000	67.621
779.000	67.648
780.000	67.679
781.000	67.722
782.000	67.764
783.000	67.795
784.000	67.832
785.000	67.867
786.000	67.902
787.000	67.934
788.000	67.979
789.000	68.016
790.000	68.045
791.000	68.078
792.000	68.124
793.000	68.164
794.000	68.192
795.000	68.228
796.000	68.270
797.000	68.296
798.000	68.340
799.000	68.371
800.000	68.406
801.000	68.440
802.000	68.480
803.000	68.512
804.000	68.547
805.000	68.585
806.000	68.627
807.000	68.661
808.000	68.694
809.000	68.730
810.000	68.764
811.000	68.803
812.000	68.837
813.000	68.879
814.000	68.906
815.000	68.942
816.000	68.977
817.000	69.023
818.000	69.054
819.000	69.086
820.000	69.124
821.000	69.156
822.000	69.199
823.000	69.230
824.000	69.275
825.000	69.302
826.000	69.342
827.000	69.374
828.000	69.403
829.000	69.443
830.000	69.486
831.000	69.517
832.000	69.547
833.000	69.589
834.000	69.626
835.000	69.657
836.000	69.689
837.000	69.727
838.000	69.771
839.000	69.797
840.000	69.837
841.000	69.876
842.000	69.904
843.000	69.936
844.000	69.981
845.000	70.022
846.000	70.041
847.000	70.083
848.000	70.119
849.000	70.157
850.000	70.196
851.000	70.226
852.000	70.263
853.000	70.290
854.000	70.324
855.000	70.372
856.000	70.399
857.000	70.443
858.000	70.474
859.000	70.506
860.000	70.541
861.000	70.577
862.000	70.619
863.000	70.648
864.000	70.683
865.000	70.728
866.000	70.747
867.000	70.790
868.000	70.823
869.000	70.867
870.000	70.898
871.000	70.929
872.000	70.968
873.000	70.996
874.000	71.034
875.000	71.068
876.000	71.108
877.000	71.138
878.000	71.180
879.000	71.211
880.000	71.243
881.000	71.279
882.000	71.319
883.000	71.353
884.000	71.385
885.000	71.425
886.000	71.454
887.000	71.488
888.000	71.531
889.000	71.565
890.000	71.597
891.000	71.624
892.000	71.669
893.000	71.708
894.000	71.726
895.000	71.769
896.000	71.815
897.000	71.836
898.000	71.872
899.000	71.919
900.000	71.945
901.000	71.981
902.000	72.016
903.000	72.049
904.000	72.090
905.000	72.119
906.000	72.150
907.000	72.192
908.000	72.224
909.000	72.263
910.000	72.294
911.000	72.331
912.000	72.359
913.000	72.396
914.000	72.429
915.000	72.468
916.000	72.501
917.000	72.539
918.000	72.577
919.000	72.599
920.000	72.639
921.000	72.685
922.000	72.705
923.000	72.746
924.000	72.778
925.000	72.809
926.000	72.850
927.000	72.880
928.000	72.917
929.000	72.949
930.000	72.985
931.000	73.017
932.000	73.056
933.000	73.090
934.000	73.131
935.000	73.155
936.000	73.188
937.000	73.222
938.000	73.268
939.000	73.288
940.000	73.328
941.000	73.359
942.000	73.397
943.000	73.427
944.000	73.468
945.000	73.506
946.000	73.532
947.000	73.568
948.000	73.609
949.000	73.648
950.000	73.675
951.000	73.707
952.000	73.748
953.000	73.776
954.000	73.817
955.000	73.845
956.000	73.875
957.000	73.911
958.000	73.952
959.000	73.983
960.000	74.015
961.000	74.055
962.000	74.085
963.000	74.119
964.000	74.148
965.000	74.189
966.000	74.222
967.000	74.254
968.000	74.286
969.000	74.329
970.000	74.365
971.000	74.387
972.000	74.426
973.000	74.462
974.000	74.494
975.000	74.531
976.000	74.563
977.000	74.594
978.000	74.625
979.000	74.672
980.000	74.702
981.000	74.738
982.000	74.774
983.000	74.802
984.000	74.832
985.000	74.863
986.000	74.911
987.000	74.934
988.000	74.965
989.000	75.002
990.000	75.038
991.000	75.069
992.000	75.106
993.000	75.136
994.000	75.183
995.000	75.204
996.000	75.243
997.000	75.274
998.000	75.305
999.000	75.343
1000.000	75.380
1001.000	75.420
1002.000	75.439
1003.000	75.484
1004.000	75.519
1005.000	75.544
1006.000	75.583
1007.000	75.616
1008.000	75.651
1009.000	75.680
1010.000	75.714
1011.000	75.745
1012.000	75.781
1013.000	75.815
1014.000	75.847
1015.000	75.891
1016.000	75.911
1017.000	75.953
1018.000	75.989
1019.000	76.019
1020.000	76.054
1021.000	76.094
1022.000	76.126
1023.000	76.157
1024.000	76.191
1025.000	76.224
1026.000	76.258
1027.000	76.290
1028.000	76.320
1029.000	76.355
1030.000	76.385
1031.000	76.429
1032.000	76.459
1033.000	76.492
1034.000	76.521
1035.000	76.559
1036.000	76.597
1037.000	76.627
1038.000	76.657
1039.000	76.695
1040.000	76.722
1041.000	76.756
1042.000	76.797
1043.000	76.824
1044.000	76.852
1045.000	76.887
1046.000	76.922
1047.000	76.954
1048.000	76.989
1049.000	77.028
1050.000	77.057
1051.000	77.086
1052.000	77.124
1053.000	77.154
1054.000	77.186
1055.000	77.223
1056.000	77.262
1057.000	77.287
1058.000	77.328
1059.000	77.357
1060.000	77.391
1061.000	77.422
1062.000	77.456
1063.000	77.494
1064.000	77.525
1065.000	77.562
1066.000	77.595
1067.000	77.623
1068.000	77.653
1069.000	77.684
1070.000	77.718
1071.000	77.753
1072.000	77.789
1073.000	77.830
1074.000	77.861
1075.000	77.888
1076.000	77.927
1077.000	77.956
1078.000	77.989
1079.000	78.018
1080.000	78.062
1081.000	78.093
1082.000	78.125
1083.000	78.154
1084.000	78.193
1085.000	78.211
1086.000	78.249
1087.000	78.285
1088.000	78.324
1089.000	78.357
1090.000	78.388
1091.000	78.413
1092.000	78.447
1093.000	78.477
1094.000	78.515
1095.000	78.541
1096.000	78.581
1097.000	78.612
1098.000	78.655
1099.000	78.678
1100.000	78.709
1101.000	78.750
1102.000	78.772
1103.000	78.814
1104.000	78.843
1105.000	78.877
1106.000	78.914
1107.000	78.947
1108.000	78.981
1109.000	79.010
1110.000	79.045
1111.000	79.071
1112.000	79.110
1113.000	79.137
1114.000	79.171
1115.000	79.202
1116.000	79.233
1117.000	79.265
1118.000	79.298
1119.000	79.343
1120.000	79.363
1121.000	79.404
1122.000	79.437
1123.000	79.469
1124.000	79.499
1125.000	79.533
1126.000	79.573
1127.000	79.596
1128.000	79.636
1129.000	79.658
1130.000	79.689
1131.000	79.722
1132.000	79.767
1133.000	79.798
1134.000	79.829
1135.000	79.863
1136.000	79.892
1137.000	79.927
1138.000	79.955
1139.000	79.989
1140.000	80.024
1141.000	80.057
1142.000	80.088
1143.000	80.118
1144.000	80.145
1145.000	80.178
1146.000	80.218
1147.000	80.250
1148.000	80.276
1149.000	80.321
1150.000	80.349
1151.000	80.373
1152.000	80.413
1153.000	80.450
1154.000	80.478
1155.000	80.512
1156.000	80.548
1157.000	80.579
1158.000	80.599
1159.000	80.642
1160.000	80.679
1161.000	80.703
1162.000	80.739
1163.000	80.768
1164.000	80.802
1165.000	80.832
1166.000	80.866
1167.000	80.902
1168.000	80.932
1169.000	80.965
1170.000	80.995
1171.000	81.035
1172.000	81.053
1173.000	81.089
1174.000	81.122
1175.000	81.153
1176.000	81.185
1177.000	81.228
1178.000	81.255
1179.000	81.288
1180.000	81.321
1181.000	81.353
1182.000	81.381
1183.000	81.406
1184.000	81.451
1185.000	81.482
1186.000	81.504
1187.000	81.545
1188.000	81.576
1189.000	81.602
1190.000	81.633
1191.000	81.668
1192.000	81.708
1193.000	81.726
1194.000	81.763
1195.000	81.796
1196.000	81.825
1197.000	81.858
1198.000	81.891
1199.000	81.930
1200.000	81.959
1201.000	81.991
1202.000	82.030
1203.000	82.052
1204.000	82.086
1205.000	82.126
1206.000	82.159
1207.000	82.185
1208.000	82.214
1209.000	82.254
1210.000	82.274
1211.000	82.314
1212.000	82.348
1213.000	82.382
1214.000	82.406
1215.000	82.437
1216.000	82.469
1217.000	82.496
1218.000	82.538
1219.000	82.566
1220.000	82.595
1221.000	82.629
1222.000	82.664
1223.000	82.696
1224.000	82.727
1225.000	82.756
1226.000	82.785
1227.000	82.822
1228.000	82.851
1229.000	82.881
1230.000	82.913
1231.000	82.942
1232.000	82.975
1233.000	83.011
1234.000	83.040
1235.000	83.070
1236.000	83.104
1237.000	83.133
1238.000	83.164
1239.000	83.206
1240.000	83.234
1241.000	83.265
1242.000	83.294
1243.000	83.323
1244.000	83.363
1245.000	83.395
1246.000	83.417
1247.000	83.451
1248.000	83.487
1249.000	83.512
1250.000	83.551
1251.000	83.574
1252.000	83.605
1253.000	83.638
1254.000	83.682
1255.000	83.701
1256.000	83.735
1257.000	83.767
1258.000	83.800
1259.000	83.834
1260.000	83.864
1261.000	83.895
1262.000	83.916
1263.000	83.960
1264.000	83.991
1265.000	84.018
1266.000	84.052
1267.000	84.083
1268.000	84.113
1269.000	84.145
1270.000	84.177
1271.000	84.204
1272.000	84.235
1273.000	84.264
1274.000	84.310
1275.000	84.338
1276.000	84.358
1277.000	84.394
1278.000	84.424
1279.000	84.456
1280.000	84.487
1281.000	84.526
1282.000	84.559
1283.000	84.576
1284.000	84.608
1285.000	84.646
1286.000	84.672
1287.000	84.708
1288.000	84.739
1289.000	84.769
1290.000	84.800
1291.000	84.828
1292.000	84.872
1293.000	84.889
1294.000	84.921
1295.000	84.957
1296.000	84.996
1297.000	85.022
1298.000	85.052
1299.000	85.081
1300.000	85.117
1301.000	85.141
1302.000	85.181
1303.000	85.211
1304.000	85.232
1305.000	85.266
1306.000	85.303
1307.000	85.326
1308.000	85.358
1309.000	85.400
1310.000	85.426
1311.000	85.454
1312.000	85.485
1313.000	85.519
1314.000	85.551
1315.000	85.581
1316.000	85.616
1317.000	85.645
1318.000	85.676
1319.000	85.702
1320.000	85.733
1321.000	85.762
1322.000	85.795
1323.000	85.826
1324.000	85.864
1325.000	85.885
1326.000	85.916
1327.000	85.958
1328.000	85.977
1329.000	86.014
1330.000	86.045
1331.000	86.076
1332.000	86.106
1333.000	86.144
1334.000	86.177
1335.000	86.193
1336.000	86.235
1337.000	86.264
1338.000	86.293
1339.000	86.324
1340.000	86.354
1341.000	86.386
1342.000	86.412
1343.000	86.442
1344.000	86.485
1345.000	86.514
1346.000	86.540
1347.000	86.571
1348.000	86.609
1349.000	86.626
1350.000	86.667
1351.000	86.690
1352.000	86.718
1353.000	86.750
1354.000	86.791
1355.000	86.813
1356.000	86.842
1357.000	86.877
1358.000	86.915
1359.000	86.940
1360.000	86.973
1361.000	87.000
1362.000	87.030
1363.000	87.058
1364.000	87.090
1365.000	87.126
1366.000	87.147
1367.000	87.185
1368.000	87.213
1369.000	87.253
1370.000	87.271
1371.000	87.315
1372.000	87.336
1373.000	87.363
1374.000	87.398
1375.000	87.427
1376.000	87.457
1377.000	87.486
1378.000	87.527
1379.000	87.554
1380.000	87.580
1381.000	87.609
1382.000	87.646
1383.000	87.671
1384.000	87.702
1385.000	87.738
1386.000	87.769
1387.000	87.790
1388.000	87.833
1389.000	87.853
1390.000	87.886
1391.000	87.920
1392.000	87.950
1393.000	87.979
1394.000	88.007
1395.000	88.035
1396.000	88.072
1397.000	88.104
1398.000	88.136
1399.000	88.165
1400.000	88.199
1401.000	88.224
1402.000	88.251
1403.000	88.289
1404.000	88.308
1405.000	88.349
1406.000	88.383
1407.000	88.410
1408.000	88.432
1409.000	88.462
1410.000	88.494
1411.000	88.525
1412.000	88.553
1413.000	88.590
1414.000	88.621
1415.000	88.641
1416.000	88.684
1417.000	88.715
1418.000	88.735
1419.000	88.772
1420.000	88.804
1421.000	88.827
1422.000	88.855
1423.000	88.886
1424.000	88.918
1425.000	88.950
1426.000	88.981
1427.000	89.008
1428.000	89.039
1429.000	89.074
1430.000	89.097
1431.000	89.141
1432.000	89.156
1433.000	89.188
1434.000	89.226
1435.000	89.261
1436.000	89.279
1437.000	89.318
1438.000	89.351
1439.000	89.367
1440.000	89.399
1441.000	89.431
1442.000	89.471
1443.000	89.490
1444.000	89.520
1445.000	89.548
1446.000	89.582
1447.000	89.612
1448.000	89.644
1449.000	89.673
1450.000	89.711
1451.000	89.741
1452.000	89.760
1453.000	89.791
1454.000	89.826
1455.000	89.850
1456.000	89.886
1457.000	89.919
1458.000	89.954
1459.000	89.972
1460.000	90.000
1461.000	90.035
1462.000	90.072
1463.000	90.089
1464.000	90.119
1465.000	90.153
1466.000	90.184
1467.000	90.213
1468.000	90.249
1469.000	90.280
1470.000	90.301
1471.000	90.332
1472.000	90.368
1473.000	90.392
1474.000	90.421
1475.000	90.451
1476.000	90.481
1477.000	90.507
1478.000	90.540
1479.000	90.571
1480.000	90.599
1481.000	90.636
1482.000	90.657
1483.000	90.694
1484.000	90.715
1485.000	90.745
1486.000	90.782
1487.000	90.816
1488.000	90.836
1489.000	90.871
1490.000	90.906
1491.000	90.924
1492.000	90.958
1493.000	90.992
1494.000	91.021
1495.000	91.042
1496.000	91.074
1497.000	91.112
1498.000	91.138
1499.000	91.171
1500.000	91.202
1501.000	91.231
1502.000	91.249
1503.000	91.283
1504.000	91.321
1505.000	91.340
1506.000	91.369
1507.000	91.397
1508.000	91.438
1509.000	91.458
1510.000	91.499
1511.000	91.519
1512.000	91.546
1513.000	91.584
1514.000	91.612
1515.000	91.639
1516.000	91.665
1517.000	91.696
1518.000	91.730
1519.000	91.750
1520.000	91.787
1521.000	91.820
1522.000	91.837
1523.000	91.880
1524.000	91.901
1525.000	91.934
1526.000	91.964
1527.000	91.999
1528.000	92.018
1529.000	92.049
1530.000	92.080
1531.000	92.115
1532.000	92.137
1533.000	92.164
1534.000	92.204
1535.000	92.235
1536.000	92.249
1537.000	92.279
1538.000	92.319
1539.000	92.347
1540.000	92.368
1541.000	92.407
1542.000	92.439
1543.000	92.458
1544.000	92.491
1545.000	92.521
1546.000	92.557
1547.000	92.574
1548.000	92.608
1549.000	92.638
1550.000	92.663
1551.000	92.694
1552.000	92.725
1553.000	92.756
1554.000	92.776
1555.000	92.812
1556.000	92.843
1557.000	92.872
1558.000	92.905
1559.000	92.925
1560.000	92.959
1561.000	92.988
1562.000	93.010
1563.000	93.050
1564.000	93.068
1565.000	93.108
1566.000	93.138
1567.000	93.164
1568.000	93.183
1569.000	93.224
1570.000	93.245
1571.000	93.276
1572.000	93.306
1573.000	93.345
1574.000	93.359
1575.000	93.396
1576.000	93.426
1577.000	93.455
1578.000	93.484
1579.000	93.504
1580.000	93.538
1581.000	93.558
1582.000	93.595
1583.000	93.631
1584.000	93.659
1585.000	93.678
1586.000	93.710
1587.000	93.743
1588.000	93.763
1589.000	93.801
1590.000	93.831
1591.000	93.862
1592.000	93.889
1593.000	93.913
1594.000	93.945
1595.000	93.975
1596.000	94.003
1597.000	94.030
1598.000	94.061
1599.000	94.087
1600.000	94.117
1601.000	94.150
1602.000	94.178
1603.000	94.210
1604.000	94.236
1605.000	94.258
1606.000	94.292
1607.000	94.322
1608.000	94.354
1609.000	94.375
1610.000	94.409
1611.000	94.430
1612.000	94.471
1613.000	94.490
1614.000	94.522
1615.000	94.555
1616.000	94.583
1617.000	94.611
1618.000	94.635
1619.000	94.671
1620.000	94.689
1621.000	94.719
1622.000	94.751
1623.000	94.782
1624.000	94.809
1625.000	94.840
1626.000	94.873
1627.000	94.889
1628.000	94.923
1629.000	94.951
1630.000	94.982
1631.000	95.013
1632.000	95.039
1633.000	95.058
1634.000	95.097
1635.000	95.130
1636.000	95.152
1637.000	95.187
1638.000	95.214
1639.000	95.246
1640.000	95.272
1641.000	95.302
1642.000	95.319
1643.000	95.358
1644.000	95.379
1645.000	95.412
1646.000	95.443
1647.000	95.460
1648.000	95.502
1649.000	95.526
1650.000	95.556
1651.000	95.583
1652.000	95.604
1653.000	95.636
1654.000	95.672
1655.000	95.690
1656.000	95.731
1657.000	95.752
1658.000	95.775
1659.000	95.811
1660.000	95.846
1661.000	95.864
1662.000	95.894
1663.000	95.921
1664.000	95.955
1665.000	95.976
1666.000	96.005
1667.000	96.036
1668.000	96.068
1669.000	96.095
1670.000	96.131
1671.000	96.159
1672.000	96.179
1673.000	96.210
1674.000	96.232
1675.000	96.267
1676.000	96.294
1677.000	96.323
1678.000	96.351
1679.000	96.378
1680.000	96.406
1681.000	96.437
1682.000	96.467
1683.000	96.495
1684.000	96.516
1685.000	96.559
1686.000	96.575
1687.000	96.613
1688.000	96.632
1689.000	96.659
1690.000	96.691
1691.000	96.721
1692.000	96.747
1693.000	96.770
1694.000	96.801
1695.000	96.831
1696.000	96.864
1697.000	96.888
1698.000	96.918
1699.000	96.938
1700.000	96.978
1701.000	96.998
1702.000	97.029
1703.000	97.058
1704.000	97.086
1705.000	97.114
1706.000	97.147
1707.000	97.164
1708.000	97.201
1709.000	97.224
1710.000	97.255
1711.000	97.283
1712.000	97.312
1713.000	97.339
1714.000	97.366
1715.000	97.395
1716.000	97.431
1717.000	97.449
1718.000	97.487
1719.000	97.505
1720.000	97.535
1721.000	97.568
1722.000	97.591
1723.000	97.623
1724.000	97.651
1725.000	97.673
1726.000	97.709
1727.000	97.729
1728.000	97.762
1729.000	97.791
1730.000	97.812
1731.000	97.842
1732.000	97.873
1733.000	97.902
1734.000	97.924
1735.000	97.954
1736.000	97.989
1737.000	98.016
1738.000	98.042
1739.000	98.063
1740.000	98.099
1741.000	98.129
1742.000	98.149
1743.000	98.178
1744.000	98.209
1745.000	98.237
1746.000	98.271
1747.000	98.291
1748.000	98.323
1749.000	98.351
1750.000	98.383
1751.000	98.401
1752.000	98.434
1753.000	98.455
1754.000	98.488
1755.000	98.515
1756.000	98.547
1757.000	98.575
1758.000	98.603
1759.000	98.622
1760.000	98.653
1761.000	98.684
1762.000	98.706
1763.000	98.743
1764.000	98.764
1765.000	98.788
1766.000	98.820
1767.000	98.845
1768.000	98.886
1769.000	98.902
1770.000	98.929
1771.000	98.958
1772.000	98.987
1773.000	99.018
1774.000	99.037
1775.000	99.077
1776.000	99.093
1777.000	99.131
1778.000	99.151
1779.000	99.178
1780.000	99.209
1781.000	99.240
1782.000	99.260
1783.000	99.291
1784.000	99.322
1785.000	99.350
1786.000	99.368
1787.000	99.401
1788.000	99.431
1789.000	99.458
1790.000	99.485
1791.000	99.520
1792.000	99.539
1793.000	99.568
1794.000	99.597
1795.000	99.626
1796.000	99.658
1797.000	99.679
1798.000	99.712
1799.000	99.733
1800.000	99.760
1801.000	99.785
1802.000	99.817
1803.000	99.841
1804.000	99.876
1805.000	99.897
1806.000	99.929
1807.000	99.948
1808.000	99.979
1809.000	100.008
1810.000	100.032
1811.000	100.061
1812.000	100.090
1813.000	100.119
1814.000	100.151
1815.000	100.174
1816.000	100.202
1817.000	100.229
1818.000	100.261
1819.000	100.281
1820.000	100.313
1821.000	100.334
1822.000	100.362
1823.000	100.393
1824.000	100.419
1825.000	100.449
1826.000	100.479
1827.000	100.504
1828.000	100.537
1829.000	100.562
1830.000	100.585
1831.000	100.609
1832.000	100.640
1833.000	100.675
1834.000	100.692
1835.000	100.722
1836.000	100.747
1837.000	100.783
1838.000	100.804
1839.000	100.824
1840.000	100.860
1841.000	100.890
1842.000	100.916
1843.000	100.946
1844.000	100.966
1845.000	100.993
1846.000	101.022
1847.000	101.044
1848.000	101.079
1849.000	101.098
1850.000	101.127
1851.000	101.158
1852.000	101.189
1853.000	101.206
1854.000	101.241
1855.000	101.264
1856.000	101.294
1857.000	101.317
1858.000	101.355
1859.000	101.374
1860.000	101.402
1861.000	101.430
1862.000	101.457
1863.000	101.478
1864.000	101.518
1865.000	101.541
1866.000	101.561
1867.000	101.592
1868.000	101.626
1869.000	101.651
1870.000	101.676
1871.000	101.704
1872.000	101.733
1873.000	101.748
1874.000	101.785
1875.000	101.814
1876.000	101.833
1877.000	101.859
1878.000	101.888
1879.000	101.917
1880.000	101.939
1881.000	101.973
1882.000	102.002
1883.000	102.019
1884.000	102.046
1885.000	102.076
1886.000	102.108
1887.000	102.127
1888.000	102.160
1889.000	102.181
1890.000	102.215
1891.000	102.234
1892.000	102.267
1893.000	102.295
1894.000	102.314
1895.000	102.346
1896.000	102.377
1897.000	102.396
1898.000	102.424
1899.000	102.456
1900.000	102.479
1901.000	102.509
1902.000	102.532
1903.000	102.565
1904.000	102.583
1905.000	102.614
1906.000	102.645
1907.000	102.669
1908.000	102.697
1909.000	102.729
1910.000	102.752
1911.000	102.772
1912.000	102.806
1913.000	102.835
1914.000	102.856
1915.000	102.883
1916.000	102.911
1917.000	102.938
1918.000	102.969
1919.000	102.998
1920.000	103.028
1921.000	103.045
1922.000	103.078
1923.000	103.097
1924.000	103.131
1925.000	103.158
1926.000	103.177
1927.000	103.207
1928.000	103.235
1929.000	103.268
1930.000	103.288
1931.000	103.317
1932.000	103.337
1933.000	103.371
1934.000	103.392
1935.000	103.420
1936.000	103.443
1937.000	103.474
1938.000	103.501
1939.000	103.527
1940.000	103.555
1941.000	103.581
1942.000	103.611
1943.000	103.629
1944.000	103.661
1945.000	103.696
1946.000	103.712
1947.000	103.749
1948.000	103.766
1949.000	103.797
1950.000	103.819
1951.000	103.847
1952.000	103.876
1953.000	103.895
1954.000	103.925
1955.000	103.952
1956.000	103.981
1957.000	104.008
1958.000	104.036
1959.000	104.066
1960.000	104.083
1961.000	104.111
1962.000	104.143
1963.000	104.160
1964.000	104.199
1965.000	104.219
1966.000	104.257
1967.000	104.275
1968.000	104.299
1969.000	104.331
1970.000	104.348
1971.000	104.381
1972.000	104.409
1973.000	104.430
1974.000	104.465
1975.000	104.484
1976.000	104.516
1977.000	104.543
1978.000	104.563
1979.000	104.595
1980.000	104.625
1981.000	104.651
1982.000	104.671
1983.000	104.700
1984.000	104.721
1985.000	104.751
1986.000	104.776
1987.000	104.804
1988.000	104.834
1989.000	104.864
1990.000	104.883
1991.000	104.912
1992.000	104.941
1993.000	104.959
1994.000	104.992
1995.000	105.013
1996.000	105.049
1997.000	105.070
1998.000	105.100
1999.000	105.128
2000.000	105.146
2001.000	105.178
2002.000	105.197
2003.000	105.230
2004.000	105.253
2005.000	105.280
2006.000	105.309
2007.000	105.334
2008.000	105.361
2009.000	105.382
2010.000	105.413
2011.000	105.446
2012.000	105.462
2013.000	105.491
2014.000	105.514
2015.000	105.543
2016.000	105.568
2017.000	105.595
2018.000	105.628
2019.000	105.647
2020.000	105.679
2021.000	105.709
2022.000	105.725
2023.000	105.753
2024.000	105.781
2025.000	105.810
2026.000	105.837
2027.000	105.859
2028.000	105.889
2029.000	105.916
2030.000	105.934
2031.000	105.964
2032.000	105.992
2033.000	106.013
2034.000	106.044
2035.000	106.077
2036.000	106.093
2037.000	106.123
2038.000	106.155
2039.000	106.176
2040.000	106.200
2041.000	106.222
2042.000	106.255
2043.000	106.282
2044.000	106.311
2045.000	106.339
2046.000	106.357
2047.000	106.383
2048.000	106.409
2049.000	106.439
2050.000	106.461
2051.000	106.489
2052.000	106.517
2053.000	106.535
2054.000	106.562
2055.000	106.594
2056.000	106.624
2057.000	106.649
2058.000	106.676
2059.000	106.695
2060.000	106.724
2061.000	106.743
2062.000	106.773
2063.000	106.809
2064.000	106.827
2065.000	106.849
2066.000	106.888
2067.000	106.908
2068.000	106.928
2069.000	106.961
2070.000	106.981
2071.000	107.012
2072.000	107.038
2073.000	107.063
2074.000	107.083
2075.000	107.112
2076.000	107.148
2077.000	107.164
2078.000	107.194
2079.000	107.214
2080.000	107.246
2081.000	107.264
2082.000	107.289
2083.000	107.319
2084.000	107.352
2085.000	107.369
2086.000	107.402
2087.000	107.422
2088.000	107.451
2089.000	107.479
2090.000	107.497
2091.000	107.528
2092.000	107.547
2093.000	107.585
2094.000	107.604
2095.000	107.631
2096.000	107.655
2097.000	107.690
2098.000	107.709
2099.000	107.728
2100.000	107.758
2101.000	107.790
2102.000	107.811
2103.000	107.841
2104.000	107.866
2105.000	107.894
2106.000	107.912
2107.000	107.942
2108.000	107.965
2109.000	107.991
2110.000	108.014
2111.000	108.044
2112.000	108.064
2113.000	108.097
2114.000	108.126
2115.000	108.146
2116.000	108.172
2117.000	108.195
2118.000	108.225
2119.000	108.250
2120.000	108.279
2121.000	108.300
2122.000	108.329
2123.000	108.356
2124.000	108.374
2125.000	108.407
2126.000	108.426
2127.000	108.453
2128.000	108.489
2129.000	108.506
2130.000	108.537
2131.000	108.556
2132.000	108.584
2133.000	108.606
2134.000	108.637
2135.000	108.658
2136.000	108.689
2137.000	108.716
2138.000	108.737
2139.000	108.768
2140.000	108.784
2141.000	108.816
2142.000	108.836
2143.000	108.866
2144.000	108.885
2145.000	108.916
2146.000	108.949
2147.000	108.967
2148.000	108.996
2149.000	109.028
2150.000	109.045
2151.000	109.072
2152.000	109.103
2153.000	109.122
2154.000	109.143
2155.000	109.178
2156.000	109.204
2157.000	109.231
2158.000	109.246
2159.000	109.274
2160.000	109.297
2161.000	109.327
2162.000	109.346
2163.000	109.378
2164.000	109.404
2165.000	109.423
2166.000	109.457
2167.000	109.475
2168.000	109.502
2169.000	109.524
2170.000	109.564
2171.000	109.578
2172.000	109.610
2173.000	109.634
2174.000	109.662
2175.000	109.677
2176.000	109.707
2177.000	109.738
2178.000	109.756
2179.000	109.782
2180.000	109.813
2181.000	109.840
2182.000	109.855
2183.000	109.889
2184.000	109.916
2185.000	109.932
2186.000	109.959
2187.000	109.981
2188.000	110.011
2189.000	110.034
2190.000	110.064
2191.000	110.088
2192.000	110.105
2193.000	110.138
2194.000	110.166
2195.000	110.196
2196.000	110.205
2197.000	110.236
2198.000	110.268
2199.000	110.284
2200.000	110.318
2201.000	110.336
2202.000	110.365
2203.000	110.384
2204.000	110.420
2205.000	110.440
2206.000	110.467
2207.000	110.486
2208.000	110.517
2209.000	110.550
2210.000	110.568
2211.000	110.588
2212.000	110.615
2213.000	110.641
2214.000	110.672
2215.000	110.689
2216.000	110.718
2217.000	110.736
2218.000	110.768
2219.000	110.796
2220.000	110.812
2221.000	110.841
2222.000	110.868
2223.000	110.887
2224.000	110.921
2225.000	110.941
2226.000	110.971
2227.000	110.989
2228.000	111.015
2229.000	111.045
2230.000	111.062
2231.000	111.089
2232.000	111.119
2233.000	111.148
2234.000	111.166
2235.000	111.194
2236.000	111.224
2237.000	111.248
2238.000	111.273
2239.000	111.291
2240.000	111.317
2241.000	111.344
2242.000	111.373
2243.000	111.398
2244.000	111.416
2245.000	111.447
2246.000	111.465
2247.000	111.497
2248.000	111.514
2249.000	111.542
2250.000	111.574
2251.000	111.591
2252.000	111.623
2253.000	111.651
2254.000	111.668
2255.000	111.688
2256.000	111.720
2257.000	111.749
2258.000	111.769
2259.000	111.792
2260.000	111.816
2261.000	111.846
2262.000	111.874
2263.000	111.891
2264.000	111.918
2265.000	111.944
2266.000	111.971
2267.000	111.991
2268.000	112.023
2269.000	112.039
2270.000	112.067
2271.000	112.090
2272.000	112.109
2273.000	112.138
2274.000	112.166
2275.000	112.187
2276.000	112.214
2277.000	112.246
2278.000	112.272
2279.000	112.287
2280.000	112.310
2281.000	112.341
2282.000	112.360
2283.000	112.388
2284.000	112.422
2285.000	112.438
2286.000	112.467
2287.000	112.484
2288.000	112.515
2289.000	112.534
2290.000	112.565
2291.000	112.585
2292.000	112.616
2293.000	112.636
2294.000	112.661
2295.000	112.688
2296.000	112.707
2297.000	112.734
2298.000	112.755
2299.000	112.783
2300.000	112.802
2301.000	112.832
2302.000	112.853
2303.000	112.881
2304.000	112.905
2305.000	112.938
2306.000	112.955
2307.000	112.983
2308.000	113.004
2309.000	113.034
2310.000	113.061
2311.000	113.079
2312.000	113.107
2313.000	113.138
2314.000	113.152
2315.000	113.185
2316.000	113.204
2317.000	113.229
2318.000	113.249
2319.000	113.278
2320.000	113.308
2321.000	113.324
2322.000	113.352
2323.000	113.374
2324.000	113.400
2325.000	113.420
2326.000	113.449
2327.000	113.479
2328.000	113.495
2329.000	113.522
2330.000	113.552
2331.000	113.572
2332.000	113.592
2333.000	113.620
2334.000	113.655
2335.000	113.672
2336.000	113.700
2337.000	113.718
2338.000	113.739
2339.000	113.767
2340.000	113.797
2341.000	113.812
2342.000	113.840
2343.000	113.863
2344.000	113.895
2345.000	113.918
2346.000	113.937
2347.000	113.961
2348.000	113.982
2349.000	114.013
2350.000	114.033
2351.000	114.064
2352.000	114.080
2353.000	114.108
2354.000	114.142
2355.000	114.157
2356.000	114.190
2357.000	114.215
2358.000	114.231
2359.000	114.259
2360.000	114.287
2361.000	114.305
2362.000	114.327
2363.000	114.358
2364.000	114.378
2365.000	114.405
2366.000	114.424
2367.000	114.446
2368.000	114.479
2369.000	114.496
2370.000	114.528
2371.000	114.555
2372.000	114.575
2373.000	114.597
2374.000	114.625
2375.000	114.644
2376.000	114.672
2377.000	114.691
2378.000	114.721
2379.000	114.750
2380.000	114.768
2381.000	114.794
2382.000	114.815
2383.000	114.841
2384.000	114.868
2385.000	114.886
2386.000	114.926
2387.000	114.941
2388.000	114.968
2389.000	114.985
2390.000	115.014
2391.000	115.033
2392.000	115.070
2393.000	115.088
2394.000	115.107
2395.000	115.136
2396.000	115.159
2397.000	115.177
2398.000	115.201
2399.000	115.229
2400.000	115.247
2401.000	115.276
2402.000	115.301
2403.000	115.328
2404.000	115.343
2405.000	115.372
2406.000	115.403
2407.000	115.418
2408.000	115.449
2409.000	115.478
2410.000	115.495
2411.000	115.522
2412.000	115.544
2413.000	115.572
2414.000	115.589
2415.000	115.611
2416.000	115.635
2417.000	115.663
2418.000	152.741
2419.000	152.755
2420.000	152.772
2421.000	152.788
2422.000	152.805
2423.000	152.821
2424.000	152.836
2425.000	152.853
2426.000	152.882
2427.000	152.889
2428.000	152.907
2429.000	152.923
2430.000	152.939
2431.000	152.956
2432.000	152.974
2433.000	152.989
2434.000	153.009
2435.000	153.030
2436.000	153.038
2437.000	153.057
2438.000	153.081
2439.000	153.089
2440.000	153.109
2441.000	153.125
2442.000	153.138
2443.000	153.158
2444.000	153.174
2445.000	153.191
2446.000	153.211
2447.000	153.225
2448.000	153.244
2449.000	153.257
2450.000	153.288
2451.000	153.287
2452.000	153.291
2453.000	153.294
2454.000	153.299
2455.000	153.291
2456.000	153.285
2457.000	153.279
2458.000	153.269
2459.000	153.259
2460.000	153.246
2461.000	153.220
2462.000	153.195
2463.000	153.180
2464.000	153.154
2465.000	153.113
2466.000	153.082
2467.000	153.042
2468.000	153.002
2469.000	152.952
2470.000	152.912
2471.000	152.855
2472.000	152.801
2473.000	152.764
2474.000	152.705
2475.000	152.656
2476.000	152.597
2477.000	152.547
2478.000	152.483
2479.000	152.423
2480.000	152.379
2481.000	152.320
2482.000	152.262
2483.000	152.198
2484.000	152.150
2485.000	152.083
2486.000	152.031
2487.000	151.980
2488.000	151.913
2489.000	151.851
2490.000	151.794
2491.000	151.740
2492.000	151.689
2493.000	151.617
2494.000	151.574
2495.000	151.514
2496.000	151.447
2497.000	151.384
2498.000	151.333
2499.000	151.268
2500.000	151.218
2501.000	151.159
2502.000	151.106
2503.000	151.035
2504.000	150.971
2505.000	150.926
2506.000	150.869
2507.000	150.798
2508.000	150.757
2509.000	150.696
2510.000	150.624
2511.000	150.575
2512.000	150.517
2513.000	150.449
2514.000	150.394
2515.000	150.338
2516.000	150.275
2517.000	150.227
2518.000	150.168
2519.000	150.113
2520.000	150.046
2521.000	149.986
2522.000	149.941
2523.000	149.872
2524.000	149.811
2525.000	149.761
2526.000	149.708
2527.000	149.649
2528.000	149.579
2529.000	149.527
2530.000	149.466
2531.000	149.418
2532.000	149.358
2533.000	149.302
2534.000	149.237
2535.000	149.178
2536.000	149.134
2537.000	149.069
2538.000	149.008
2539.000	148.963
2540.000	148.893
2541.000	148.843
2542.000	148.779
2543.000	148.732
2544.000	148.676
2545.000	148.612
2546.000	148.559
2547.000	148.498
2548.000	148.439
2549.000	148.377
2550.000	148.328
2551.000	148.267
2552.000	148.212
2553.000	148.153
2554.000	148.103
2555.000	148.033
2556.000	147.969
2557.000	147.931
2558.000	147.870
2559.000	147.802
2560.000	147.750
2561.000	147.701
2562.000	147.631
2563.000	147.573
2564.000	147.528
2565.000	147.468
2566.000	147.398
2567.000	147.356
2568.000	147.286
2569.000	147.237
2570.000	147.177
2571.000	147.130
2572.000	147.061
2573.000	146.995
2574.000	146.959
2575.000	146.889
2576.000	146.829
2577.000	146.780
2578.000	146.720
2579.000	146.658
2580.000	146.599
2581.000	146.552
2582.000	146.493
2583.000	146.433
2584.000	146.392
2585.000	146.330
2586.000	146.265
2587.000	146.210
2588.000	146.165
2589.000	146.097
2590.000	146.038
2591.000	145.993
2592.000	145.933
2593.000	145.868
2594.000	145.816
2595.000	145.760
2596.000	145.697
2597.000	145.654
2598.000	145.601
2599.000	145.537
2600.000	145.471
2601.000	145.413
2602.000	145.362
2603.000	145.313
2604.000	145.251
2605.000	145.195
2606.000	145.142
2607.000	145.079
2608.000	145.021
2609.000	144.964
2610.000	144.908
2611.000	144.850
2612.000	144.802
2613.000	144.732
2614.000	144.672
2615.000	144.620
2616.000	144.566
2617.000	144.499
2618.000	144.444
2619.000	144.401
2620.000	144.330
2621.000	144.279
2622.000	144.212
2623.000	144.165
2624.000	144.114
2625.000	144.046
2626.000	143.993
2627.000	143.942
2628.000	143.877
2629.000	143.821
2630.000	143.768
2631.000	143.715
2632.000	143.650
2633.000	143.608
2634.000	143.550
2635.000	143.491
2636.000	143.442
2637.000	143.383
2638.000	143.317
2639.000	143.259
2640.000	143.215
2641.000	143.156
2642.000	143.102
2643.000	143.051
2644.000	142.993
2645.000	142.923
2646.000	142.867
2647.000	142.821
2648.000	142.766
2649.000	142.706
2650.000	142.651
2651.000	142.590
2652.000	142.542
2653.000	142.479
2654.000	142.430
2655.000	142.369
2656.000	142.318
2657.000	142.261
2658.000	142.210
2659.000	142.144
2660.000	142.095
2661.000	142.051
2662.000	141.991
2663.000	141.926
2664.000	141.882
2665.000	141.831
2666.000	141.769
2667.000	141.717
2668.000	141.671
2669.000	141.613
2670.000	141.552
2671.000	141.512
2672.000	141.451
2673.000	141.398
2674.000	141.339
2675.000	141.300
2676.000	141.245
2677.000	141.181
2678.000	141.138
2679.000	141.078
2680.000	141.028
2681.000	140.969
2682.000	140.920
2683.000	140.861
2684.000	140.809
2685.000	140.767
2686.000	140.712
2687.000	140.656
2688.000	140.590
2689.000	140.546
2690.000	140.498
2691.000	140.439
2692.000	140.393
2693.000	140.333
2694.000	140.281
2695.000	140.226
2696.000	140.177
2697.000	140.130
2698.000	140.069
2699.000	140.023
2700.000	139.970
2701.000	139.911
2702.000	139.863
2703.000	139.811
2704.000	139.751
2705.000	139.697
2706.000	139.652
2707.000	139.598
2708.000	139.550
2709.000	139.498
2710.000	139.451
2711.000	139.394
2712.000	139.328
2713.000	139.294
2714.000	139.233
2715.000	139.176
2716.000	139.129
2717.000	139.077
2718.000	139.029
2719.000	138.971
2720.000	138.931
2721.000	138.878
2722.000	138.814
2723.000	138.777
2724.000	138.717
2725.000	138.669
2726.000	138.607
2727.000	138.565
2728.000	138.512
2729.000	138.451
2730.000	138.413
2731.000	138.355
2732.000	138.297
2733.000	138.243
2734.000	138.195
2735.000	138.152
2736.000	138.087
2737.000	138.045
2738.000	137.996
2739.000	137.936
2740.000	137.877
2741.000	137.842
2742.000	137.782
2743.000	137.731
2744.000	137.685
2745.000	137.632
2746.000	137.579
2747.000	137.517
2748.000	137.478
2749.000	137.422
2750.000	137.372
2751.000	137.327
2752.000	137.266
2753.000	137.218
2754.000	137.167
2755.000	137.120
2756.000	137.065
2757.000	137.008
2758.000	136.971
2759.000	136.910
2760.000	136.862
2761.000	136.814
2762.000	136.761
2763.000	136.710
2764.000	136.660
2765.000	136.617
2766.000	136.561
2767.000	136.499
2768.000	136.454
2769.000	136.411
2770.000	136.352
2771.000	136.304
2772.000	136.257
2773.000	136.205
2774.000	136.143
2775.000	136.103
2776.000	136.058
2777.000	136.004
2778.000	135.950
2779.000	135.909
2780.000	135.850
2781.000	135.803
2782.000	135.758
2783.000	135.708
2784.000	135.648
2785.000	135.605
2786.000	135.557
2787.000	135.508
2788.000	135.456
2789.000	135.403
2790.000	135.354
2791.000	135.306
2792.000	135.249
2793.000	135.214
2794.000	135.159
2795.000	135.112
2796.000	135.063
2797.000	135.013
2798.000	134.966
2799.000	134.907
2800.000	134.868
2801.000	134.827
2802.000	134.770
2803.000	134.711
2804.000	134.673
2805.000	134.630
2806.000	134.572
2807.000	134.535
2808.000	134.485
2809.000	134.427
2810.000	134.375
2811.000	134.332
2812.000	134.282
2813.000	134.230
2814.000	134.197
2815.000	134.149
2816.000	134.096
2817.000	134.045
2818.000	133.995
2819.000	133.959
2820.000	133.901
2821.000	133.855
2822.000	133.804
2823.000	133.759
2824.000	133.716
2825.000	133.671
2826.000	133.614
2827.000	133.566
2828.000	133.519
2829.000	133.472
2830.000	133.430
2831.000	133.379
2832.000	133.339
2833.000	133.283
2834.000	133.231
2835.000	133.190
2836.000	133.141
2837.000	133.095
2838.000	133.061
2839.000	132.999
2840.000	132.949
2841.000	132.898
2842.000	132.865
2843.000	132.816
2844.000	132.766
2845.000	132.724
2846.000	132.668
2847.000	132.624
2848.000	132.574
2849.000	132.525
2850.000	132.474
2851.000	132.432
2852.000	132.386
2853.000	132.334
2854.000	132.292
2855.000	132.240
2856.000	132.205
2857.000	132.153
2858.000	132.094
2859.000	132.057
2860.000	132.003
2861.000	131.954
2862.000	131.911
2863.000	131.863
2864.000	131.810
2865.000	131.770
2866.000	131.725
2867.000	131.679
2868.000	131.629
2869.000	131.581
2870.000	131.538
2871.000	131.490
2872.000	131.431
2873.000	131.401
2874.000	131.349
2875.000	131.298
2876.000	131.252
2877.000	131.203
2878.000	131.168
2879.000	131.115
2880.000	131.064
2881.000	131.020
2882.000	130.969
2883.000	130.919
2884.000	130.876
2885.000	130.829
2886.000	130.781
2887.000	130.743
2888.000	130.694
2889.000	130.645
2890.000	130.597
2891.000	130.549
2892.000	130.508
2893.000	130.455
2894.000	130.417
2895.000	130.359
2896.000	130.318
2897.000	130.263
2898.000	130.228
2899.000	130.179
2900.000	130.132
2901.000	130.084
2902.000	130.040
2903.000	129.985
2904.000	129.943
2905.000	129.899
2906.000	129.859
2907.000	129.803
2908.000	129.755
2909.000	129.717
2910.000	129.665
2911.000	129.622
2912.000	129.578
2913.000	129.534
2914.000	129.481
2915.000	129.435
2916.000	129.384
2917.000	129.334
2918.000	129.300
2919.000	129.253
2920.000	129.198
2921.000	129.152
2922.000	129.106
2923.000	129.062
2924.000	129.014
2925.000	128.973
2926.000	128.927
2927.000	128.880
2928.000	128.824
2929.000	128.784
2930.000	128.739
2931.000	128.690
2932.000	128.645
2933.000	128.606
2934.000	128.557
2935.000	128.506
2936.000	128.468
2937.000	128.413
2938.000	128.366
2939.000	128.333
2940.000	128.290
2941.000	128.240
2942.000	128.183
2943.000	128.154
2944.000	128.099
2945.000	128.054
2946.000	128.020
2947.000	127.971
2948.000	127.919
2949.000	127.874
2950.000	127.837
2951.000	127.787
2952.000	127.743
2953.000	127.709
2954.000	127.662
2955.000	127.613
2956.000	127.569
2957.000	127.524
2958.000	127.479
2959.000	127.437
2960.000	127.399
2961.000	127.351
2962.000	127.302
2963.000	127.264
2964.000	127.219
2965.000	127.169
2966.000	127.134
2967.000	127.086
2968.000	127.047
2969.000	126.995
2970.000	126.959
2971.000	126.914
2972.000	126.870
2973.000	126.821
2974.000	126.780
2975.000	126.744
2976.000	126.696
2977.000	126.652
2978.000	126.610
2979.000	126.565
2980.000	126.519
2981.000	126.486
2982.000	126.438
2983.000	126.392
2984.000	126.344
2985.000	126.308
2986.000	126.264
2987.000	126.210
2988.000	126.174
2989.000	126.131
2990.000	126.077
2991.000	126.043
2992.000	125.994
2993.000	125.943
2994.000	125.899
2995.000	125.859
2996.000	125.814
2997.000	125.759
2998.000	125.735
2999.000	125.681
3000.000	125.642
3001.000	125.597
3002.000	125.558
3003.000	125.506
3004.000	125.461
3005.000	125.419
3006.000	125.382
3007.000	125.326
3008.000	125.288
3009.000	125.250
3010.000	125.202
3011.000	125.150
3012.000	125.118
3013.000	125.066
3014.000	125.024
3015.000	124.976
3016.000	124.939
3017.000	124.894
3018.000	124.853
3019.000	124.812
3020.000	124.761
3021.000	124.716
3022.000	124.672
3023.000	124.639
3024.000	124.585
3025.000	124.543
3026.000	124.509
3027.000	124.466
3028.000	124.417
3029.000	124.373
3030.000	124.336
3031.000	124.299
3032.000	124.247
3033.000	124.213
3034.000	124.169
3035.000	124.120
3036.000	124.079
3037.000	124.043
3038.000	123.991
3039.000	123.951
3040.000	123.919
3041.000	123.875
3042.000	123.824
3043.000	123.793
3044.000	123.746
3045.000	123.708
3046.000	123.663
3047.000	123.626
3048.000	123.578
3049.000	123.544
3050.000	123.498
3051.000	123.451
3052.000	123.421
3053.000	123.373
3054.000	123.337
3055.000	123.288
3056.000	123.246
3057.000	123.214
3058.000	123.170
3059.000	123.121
3060.000	123.080
3061.000	123.037
3062.000	123.003
3063.000	122.958
3064.000	122.925
3065.000	122.882
3066.000	122.844
3067.000	122.788
3068.000	122.755
3069.000	122.713
3070.000	122.670
3071.000	122.636
3072.000	122.597
3073.000	122.545
3074.000	122.509
3075.000	122.466
3076.000	122.428
3077.000	122.390
3078.000	122.350
3079.000	122.307
3080.000	122.266
3081.000	122.219
3082.000	122.183
3083.000	122.148
3084.000	122.101
3085.000	122.072
3086.000	122.023
3087.000	121.985
3088.000	121.944
3089.000	121.910
3090.000	121.861
3091.000	121.821
3092.000	121.791
3093.000	121.747
3094.000	121.711
3095.000	121.667
3096.000	121.632
3097.000	121.589
3098.000	121.545
3099.000	121.506
3100.000	121.464
3101.000	121.419
3102.000	121.390
3103.000	121.346
3104.000	121.304
3105.000	121.264
3106.000	121.222
3107.000	121.188
3108.000	121.145
3109.000	121.112
3110.000	121.064
3111.000	121.019
3112.000	120.984
3113.000	120.944
3114.000	120.909
3115.000	120.867
3116.000	120.824
3117.000	120.789
3118.000	120.752
3119.000	120.703
3120.000	120.680
3121.000	120.628
3122.000	120.591
3123.000	120.558
3124.000	120.515
3125.000	120.468
3126.000	120.421
3127.000	120.393
3128.000	120.348
3129.000	120.319
3130.000	120.274
3131.000	120.233
3132.000	120.191
3133.000	120.145
3134.000	120.115
3135.000	120.068
3136.000	120.025
3137.000	119.992
3138.000	119.949
3139.000	119.905
3140.000	119.861
3141.000	119.832
3142.000	119.791
3143.000	119.754
3144.000	119.712
3145.000	119.663
3146.000	119.633
3147.000	119.582
3148.000	119.549
3149.000	119.512
3150.000	119.461
3151.000	119.434
3152.000	119.390
3153.000	119.350
3154.000	119.318
3155.000	119.276
3156.000	119.235
3157.000	119.188
3158.000	119.149
3159.000	119.106
3160.000	119.079
3161.000	119.043
3162.000	118.997
3163.000	118.956
3164.000	118.918
3165.000	118.884
3166.000	118.839
3167.000	118.798
3168.000	118.761
3169.000	118.727
3170.000	118.681
3171.000	118.645
3172.000	118.603
3173.000	118.562
3174.000	118.529
3175.000	118.489
3176.000	118.453
3177.000	118.411
3178.000	118.364
3179.000	118.337
3180.000	118.290
3181.000	118.259
3182.000	118.223
3183.000	118.178
3184.000	118.147
3185.000	118.098
3186.000	118.070
3187.000	118.023
3188.000	117.978
3189.000	117.955
3190.000	117.909
3191.000	117.879
3192.000	117.831
3193.000	117.799
3194.000	117.759
3195.000	117.725
3196.000	117.690
3197.000	117.645
3198.000	117.611
3199.000	117.571
3200.000	117.538
3201.000	117.499
3202.000	117.460
3203.000	117.426
3204.000	117.383
3205.000	117.350
3206.000	117.310
3207.000	117.276
3208.000	117.229
3209.000	117.196
3210.000	117.164
3211.000	117.122
3212.000	117.085
3213.000	117.054
3214.000	117.004
3215.000	116.974
3216.000	116.933
3217.000	116.901
3218.000	116.856
3219.000	116.816
3220.000	116.784
3221.000	116.752
3222.000	116.714
3223.000	116.663
3224.000	116.634
3225.000	116.602
3226.000	116.565
3227.000	116.527
3228.000	116.481
3229.000	116.442
3230.000	116.407
3231.000	116.378
3232.000	116.338
3233.000	116.299
3234.000	116.266
3235.000	116.227
3236.000	116.188
3237.000	116.148
3238.000	116.109
3239.000	116.074
3240.000	116.029
3241.000	115.996
3242.000	115.953
3243.000	115.924
3244.000	115.882
3245.000	115.850
3246.000	115.809
3247.000	115.765
3248.000	115.726
3249.000	115.699
3250.000	115.651
3251.000	115.619
3252.000	115.587
3253.000	115.543
3254.000	115.501
3255.000	115.471
3256.000	115.430
3257.000	115.390
3258.000	115.351
3259.000	115.326
3260.000	115.279
3261.000	115.243
3262.000	115.214
3263.000	115.169
3264.000	115.141
3265.000	115.099
3266.000	115.057
3267.000	115.029
3268.000	114.985
3269.000	114.945
3270.000	114.917
3271.000	114.876
3272.000	114.846
3273.000	114.802
3274.000	114.776
3275.000	114.737
3276.000	114.701
3277.000	114.656
3278.000	114.623
3279.000	114.586
3280.000	114.553
3281.000	114.514
3282.000	114.474
3283.000	114.446
3284.000	114.403
3285.000	114.370
3286.000	114.342
3287.000	114.302
3288.000	114.258
3289.000	114.226
3290.000	114.198
3291.000	114.153
3292.000	114.119
3293.000	114.091
3294.000	114.057
3295.000	114.017
3296.000	113.975
3297.000	113.943
3298.000	113.913
3299.000	113.870
3300.000	113.838
3301.000	113.796
3302.000	113.770
3303.000	113.728
3304.000	113.693
3305.000	113.659
3306.000	113.627
3307.000	113.598
3308.000	113.561
3309.000	113.511
3310.000	113.480
3311.000	113.452
3312.000	113.416
3313.000	113.375
3314.000	113.355
3315.000	113.309
3316.000	113.276
3317.000	113.243
3318.000	113.204
3319.000	113.168
3320.000	113.140
3321.000	113.102
3322.000	113.069
3323.000	113.036
3324.000	113.003
3325.000	112.971
3326.000	112.933
3327.000	112.903
3328.000	112.868
3329.000	112.840
3330.000	112.798
3331.000	112.771
3332.000	112.732
3333.000	112.702
3334.000	112.667
3335.000	112.634
3336.000	112.592
3337.000	112.560
3338.000	112.527
3339.000	112.499
3340.000	112.457
3341.000	112.426
3342.000	112.392
3343.000	112.361
3344.000	112.315
3345.000	112.295
3346.000	112.252
3347.000	112.222
3348.000	112.179
3349.000	112.161
3350.000	112.115
3351.000	112.088
3352.000	112.047
3353.000	112.019
3354.000	111.984
3355.000	111.949
3356.000	111.916
3357.000	111.877
3358.000	111.842
3359.000	111.811
3360.000	111.781
3361.000	111.734
3362.000	111.708
3363.000	111.678
3364.000	111.645
3365.000	111.603
3366.000	111.573
3367.000	111.541
3368.000	111.509
3369.000	111.471
3370.000	111.442
3371.000	111.413
3372.000	111.372
3373.000	111.338
3374.000	111.315
3375.000	111.270
3376.000	111.239
3377.000	111.204
3378.000	111.175
3379.000	111.142
3380.000	111.108
3381.000	111.084
3382.000	111.039
3383.000	111.007
3384.000	110.976
3385.000	110.944
3386.000	110.901
3387.000	110.875
3388.000	110.837
3389.000	110.804
3390.000	110.776
3391.000	110.744
3392.000	110.708
3393.000	110.673
3394.000	110.647
3395.000	110.603
3396.000	110.567
3397.000	110.542
3398.000	110.505
3399.000	110.477
3400.000	110.443
3401.000	110.412
3402.000	110.381
3403.000	110.349
3404.000	110.319
3405.000	110.284
3406.000	110.247
3407.000	110.218
3408.000	110.188
3409.000	110.153
3410.000	110.123
3411.000	110.090
3412.000	110.059
3413.000	110.023
3414.000	109.984
3415.000	109.964
3416.000	109.923
3417.000	109.887
3418.000	109.866
3419.000	109.835
3420.000	109.793
3421.000	109.756
3422.000	109.732
3423.000	109.698
3424.000	109.675
3425.000	109.641
3426.000	109.609
3427.000	109.571
3428.000	109.540
3429.000	109.509
3430.000	109.481
3431.000	109.445
3432.000	109.414
3433.000	109.385
3434.000	109.352
3435.000	109.322
3436.000	109.288
3437.000	109.258
3438.000	109.215
3439.000	109.196
3440.000	109.152
3441.000	109.119
3442.000	109.091
3443.000	109.057
3444.000	109.027
3445.000	108.998
3446.000	108.969
3447.000	108.925
3448.000	108.886
3449.000	108.864
3450.000	108.828
3451.000	108.800
3452.000	108.764
3453.000	108.737
3454.000	108.704
3455.000	108.672
3456.000	108.639
3457.000	108.609
3458.000	108.577
3459.000	108.543
3460.000	108.509
3461.000	108.477
3462.000	108.448
3463.000	108.421
3464.000	108.382
3465.000	108.344
3466.000	108.312
3467.000	108.294
3468.000	108.253
3469.000	108.215
3470.000	108.196
3471.000	108.158
3472.000	108.126
3473.000	108.083
3474.000	108.067
3475.000	108.024
3476.000	107.997
3477.000	107.963
3478.000	107.932
3479.000	107.900
3480.000	107.864
3481.000	107.843
3482.000	107.804
3483.000	107.776
3484.000	107.740
3485.000	107.714
3486.000	107.681
3487.000	107.648
3488.000	107.619
3489.000	107.585
3490.000	107.555
3491.000	107.523
3492.000	107.491
3493.000	107.461
3494.000	107.430
3495.000	107.395
3496.000	107.366
3497.000	107.336
3498.000	107.308
3499.000	107.276
3500.000	107.243
3501.000	107.212
3502.000	107.182
3503.000	107.153
3504.000	107.117
3505.000	107.089
3506.000	107.057
3507.000	107.027
3508.000	107.008
3509.000	106.963
3510.000	106.932
3511.000	106.905
3512.000	106.878
3513.000	106.844
3514.000	106.809
3515.000	106.785
3516.000	106.756
3517.000	106.725
3518.000	106.684
3519.000	106.667
3520.000	106.626
3521.000	106.593
3522.000	106.575
3523.000	106.543
3524.000	106.512
3525.000	106.469
3526.000	106.452
3527.000	106.419
3528.000	106.384
3529.000	106.355
3530.000	106.325
3531.000	106.304
3532.000	106.264
3533.000	106.244
3534.000	106.211
3535.000	106.180
3536.000	106.146
3537.000	106.113
3538.000	106.084
3539.000	106.056
3540.000	106.026
3541.000	105.995
3542.000	105.962
3543.000	105.936
3544.000	105.903
3545.000	105.872
3546.000	105.842
3547.000	105.808
3548.000	105.777
3549.000	105.745
3550.000	105.718
3551.000	105.695
3552.000	105.650
3553.000	105.631
3554.000	105.599
3555.000	105.569
3556.000	105.527
3557.000	105.512
3558.000	105.469
3559.000	105.440
3560.000	105.407
3561.000	105.379
3562.000	105.346
3563.000	105.321
3564.000	105.295
3565.000	105.254
3566.000	105.228
3567.000	105.200
3568.000	105.168
3569.000	105.134
3570.000	105.102
3571.000	105.073
3572.000	105.044
3573.000	105.002
3574.000	104.981
3575.000	104.947
3576.000	104.924
3577.000	104.879
3578.000	104.864
3579.000	104.832
3580.000	104.801
3581.000	104.770
3582.000	104.741
3583.000	104.710
3584.000	104.669
3585.000	104.643
3586.000	104.613
3587.000	104.586
3588.000	104.556
3589.000	104.527
3590.000	104.496
3591.000	104.464
3592.000	104.438
3593.000	104.412
3594.000	104.370
3595.000	104.353
3596.000	104.322
3597.000	104.293
3598.000	104.260
3599.000	104.225
3600.000	104.203
3601.000	104.174
3602.000	104.143
3603.000	104.111
3604.000	104.074
3605.000	104.054
3606.000	104.021
3607.000	104.001
3608.000	103.961
3609.000	103.944
3610.000	103.913
3611.000	103.884
3612.000	103.845
3613.000	103.824
3614.000	103.790
3615.000	103.760
3616.000	103.741
3617.000	103.705
3618.000	103.683
3619.000	103.652
3620.000	103.623
3621.000	103.594
3622.000	103.562
3623.000	103.533
3624.000	103.498
3625.000	103.474
3626.000	103.442
3627.000	103.413
3628.000	103.381
3629.000	103.345
3630.000	103.326
3631.000	103.295
3632.000	103.263
3633.000	103.237
3634.000	103.208
3635.000	103.176
3636.000	103.145
3637.000	103.111
3638.000	103.082
3639.000	103.060
3640.000	103.032
3641.000	103.000
3642.000	102.967
3643.000	102.938
3644.000	102.910
3645.000	102.879
3646.000	102.853
3647.000	102.821
3648.000	102.798
3649.000	102.765
3650.000	102.734
3651.000	102.707
3652.000	102.672
3653.000	102.651
3654.000	102.621
3655.000	102.595
3656.000	102.561
3657.000	102.534
3658.000	102.507
3659.000	102.477
3660.000	102.444
3661.000	102.428
3662.000	102.387
3663.000	102.369
3664.000	102.335
3665.000	102.316
3666.000	102.286
3667.000	102.257
3668.000	102.228
3669.000	102.196
3670.000	102.166
3671.000	102.144
3672.000	102.121
3673.000	102.083
3674.000	102.064
3675.000	102.028
3676.000	102.012
3677.000	101.974
3678.000	101.954
3679.000	101.928
3680.000	101.899
3681.000	101.868
3682.000	101.843
3683.000	101.807
3684.000	101.789
3685.000	101.760
3686.000	101.739
3687.000	101.710
3688.000	101.680
3689.000	101.652
3690.000	101.629
3691.000	101.598
3692.000	101.569
3693.000	101.539
3694.000	101.517
3695.000	101.489
3696.000	101.467
3697.000	101.441
3698.000	101.412
3699.000	101.382
3700.000	101.361
3701.000	101.333
3702.000	101.303
3703.000	101.272
3704.000	101.254
3705.000	101.220
3706.000	101.197
3707.000	101.164
3708.000	101.135
3709.000	101.112
3710.000	101.093
3711.000	101.063
3712.000	101.030
3713.000	101.005
3714.000	100.982
3715.000	100.946
3716.000	100.919
3717.000	100.902
3718.000	100.871
3719.000	100.845
3720.000	100.814
3721.000	100.785
3722.000	100.767
3723.000	100.737
3724.000	100.712
3725.000	100.685
3726.000	100.652
3727.000	100.633
3728.000	100.604
3729.000	100.577
3730.000	100.551
3731.000	100.531
3732.000	100.503
3733.000	100.466
3734.000	100.451
3735.000	100.422
3736.000	100.391
3737.000	100.370
3738.000	100.345
3739.000	100.314
3740.000	100.290
3741.000	100.262
3742.000	100.232
3743.000	100.212
3744.000	100.186
3745.000	100.157
3746.000	100.130
3747.000	100.097
3748.000	100.077
3749.000	100.050
3750.000	100.027
3751.000	99.999
3752.000	99.970
3753.000	99.942
3754.000	99.912
3755.000	99.888
3756.000	99.867
3757.000	99.841
3758.000	99.810
3759.000	99.790
3760.000	99.756
3761.000	99.735
3762.000	99.709
3763.000	99.681
3764.000	99.644
3765.000	99.627
3766.000	99.593
3767.000	99.576
3768.000	99.548
3769.000	99.525
3770.000	99.496
3771.000	99.472
3772.000	99.443
3773.000	99.412
3774.000	99.392
3775.000	99.364
3776.000	99.336
3777.000	99.316
3778.000	99.282
3779.000	99.258
3780.000	99.239
3781.000	99.204
3782.000	99.185
3783.000	99.163
3784.000	99.133
3785.000	99.105
3786.000	99.079
3787.000	99.049
3788.000	99.021
3789.000	98.991
3790.000	98.974
3791.000	98.955
3792.000	98.925
3793.000	98.894
3794.000	98.867
3795.000	98.842
3796.000	98.814
3797.000	98.797
3798.000	98.769
3799.000	98.746
3800.000	98.717
3801.000	98.691
3802.000	98.659
3803.000	98.638
3804.000	98.609
3805.000	98.593
3806.000	98.561
3807.000	98.543
3808.000	98.512
3809.000	98.482
3810.000	98.463
3811.000	98.432
3812.000	98.400
3813.000	98.387
3814.000	98.357
3815.000	98.326
3816.000	98.304
3817.000	98.288
3818.000	98.257
3819.000	98.233
3820.000	98.201
3821.000	98.183
3822.000	98.156
3823.000	98.128
3824.000	98.101
3825.000	98.076
3826.000	98.050
3827.000	98.023
3828.000	98.003
3829.000	97.973
3830.000	97.939
3831.000	97.915
3832.000	97.888
3833.000	97.863
3834.000	97.835
3835.000	97.814
3836.000	97.783
3837.000	97.752
3838.000	97.736
3839.000	97.709
3840.000	97.680
3841.000	97.652
3842.000	97.626
3843.000	97.603
3844.000	97.575
3845.000	97.555
3846.000	97.527
3847.000	97.497
3848.000	97.465
3849.000	97.450
3850.000	97.419
3851.000	97.398
3852.000	97.368
3853.000	97.350
3854.000	97.321
3855.000	97.290
3856.000	97.274
3857.000	97.243
3858.000	97.214
3859.000	97.198
3860.000	97.170
3861.000	97.141
3862.000	97.124
3863.000	97.093
3864.000	97.065
3865.000	97.045
3866.000	97.019
3867.000	96.998
3868.000	96.968
3869.000	96.943
3870.000	96.917
3871.000	96.886
3872.000	96.868
3873.000	96.842
3874.000	96.816
3875.000	96.787
3876.000	96.768
3877.000	96.742
3878.000	96.722
3879.000	96.689
3880.000	96.670
3881.000	96.642
3882.000	96.623
3883.000	96.597
3884.000	96.567
3885.000	96.548
3886.000	96.520
3887.000	96.504
3888.000	96.473
3889.000	96.451
3890.000	96.425
3891.000	96.403
3892.000	96.381
3893.000	96.345
3894.000	96.328
3895.000	96.310
3896.000	96.278
3897.000	96.261
3898.000	96.228
3899.000	96.209
3900.000	96.187
3901.000	96.158
3902.000	96.140
3903.000	96.105
3904.000	96.089
3905.000	96.058
3906.000	96.041
3907.000	96.012
3908.000	95.987
3909.000	95.970
3910.000	95.940
3911.000	95.923
3912.000	95.891
3913.000	95.874
3914.000	95.843
3915.000	95.821
3916.000	95.801
3917.000	95.770
3918.000	95.750
3919.000	95.726
3920.000	95.693
3921.000	95.679
3922.000	95.650
3923.000	95.629
3924.000	95.596
3925.000	95.581
3926.000	95.551
3927.000	95.534
3928.000	95.505
3929.000	95.481
3930.000	95.460
3931.000	95.429
3932.000	95.411
3933.000	95.385
3934.000	95.354
3935.000	95.334
3936.000	95.314
3937.000	95.287
3938.000	95.257
3939.000	95.239
3940.000	95.206
3941.000	95.190
3942.000	95.171
3943.000	95.145
3944.000	95.115
3945.000	95.084
3946.000	95.071
3947.000	95.050
3948.000	95.021
3949.000	95.002
3950.000	94.974
3951.000	94.943
3952.000	94.922
3953.000	94.902
3954.000	94.872
3955.000	94.857
3956.000	94.827
3957.000	94.812
3958.000	94.775
3959.000	94.760
3960.000	94.741
3961.000	94.715
3962.000	94.682
3963.000	94.666
3964.000	94.637
3965.000	94.614
3966.000	94.579
3967.000	94.565
3968.000	94.546
3969.000	94.518
3970.000	94.492
3971.000	94.475
3972.000	94.446
3973.000	94.422
3974.000	94.404
3975.000	94.378
3976.000	94.346
3977.000	94.330
3978.000	94.304
3979.000	94.273
3980.000	94.253
3981.000	94.226
3982.000	94.210
3983.000	94.180
3984.000	94.164
3985.000	94.136
3986.000	94.105
3987.000	94.085
3988.000	94.069
3989.000	94.038
3990.000	94.016
3991.000	93.996
3992.000	93.976
3993.000	93.938
3994.000	93.926
3995.000	93.905
3996.000	93.879
3997.000	93.851
3998.000	93.835
3999.000	93.809
4000.000	93.788
4001.000	93.760
4002.000	93.743
4003.000	93.712
4004.000	93.692
4005.000	93.676
4006.000	93.642
4007.000	93.625
4008.000	93.607
4009.000	93.583
4010.000	93.552
4011.000	93.535
4012.000	93.505
4013.000	93.490
4014.000	93.460
4015.000	93.439
4016.000	93.420
4017.000	93.393
4018.000	93.371
4019.000	93.344
4020.000	93.325
4021.000	93.305
4022.000	93.278
4023.000	93.257
4024.000	93.229
4025.000	93.208
4026.000	93.191
4027.000	93.162
4028.000	93.143
4029.000	93.115
4030.000	93.097
4031.000	93.066
4032.000	93.050
4033.000	93.032
4034.000	93.000
4035.000	92.980
4036.000	92.962
4037.000	92.934
4038.000	92.916
4039.000	92.890
4040.000	92.869
4041.000	92.849
4042.000	92.821
4043.000	92.801
4044.000	92.775
4045.000	92.747
4046.000	92.731
4047.000	92.712
4048.000	92.685
4049.000	92.655
4050.000	92.650
4051.000	92.619
4052.000	92.598
4053.000	92.570
4054.000	92.549
4055.000	92.530
4056.000	92.509
4057.000	92.489
4058.000	92.461
4059.000	92.443
4060.000	92.415
4061.000	92.397
4062.000	92.368
4063.000	92.342
4064.000	92.324
4065.000	92.305
4066.000	92.276
4067.000	92.260
4068.000	92.239
4069.000	92.214
4070.000	92.192
4071.000	92.162
4072.000	92.145
4073.000	92.125
4074.000	92.095
4075.000	92.077
4076.000	92.057
4077.000	92.034
4078.000	92.006
4079.000	91.989
4080.000	91.967
4081.000	91.941
4082.000	91.919
4083.000	91.899
4084.000	91.874
4085.000	91.854
4086.000	91.827
4087.000	91.807
4088.000	91.788
4089.000	91.767
4090.000	91.746
4091.000	91.717
4092.000	91.699
4093.000	91.681
4094.000	91.653
4095.000	91.636
4096.000	91.612
4097.000	91.589
4098.000	91.572
4099.000	91.553
4100.000	91.522
4101.000	91.506
4102.000	91.487
4103.000	91.458
4104.000	91.441
4105.000	91.421
4106.000	91.394
4107.000	91.376
4108.000	91.357
4109.000	91.331
4110.000	91.311
4111.000	91.283
4112.000	91.269
4113.000	91.250
4114.000	91.225
4115.000	91.205
4116.000	91.186
4117.000	91.163
4118.000	91.143
4119.000	91.115
4120.000	91.097
4121.000	91.079
4122.000	91.057
4123.000	91.036
4124.000	91.006
4125.000	90.990
4126.000	90.974
4127.000	90.948
4128.000	90.928
4129.000	90.905
4130.000	90.880
4131.000	90.864
4132.000	90.844
4133.000	90.825
4134.000	90.804
4135.000	90.782
4136.000	90.751
4137.000	90.738
4138.000	90.720
4139.000	90.694
4140.000	90.679
4141.000	90.658
4142.000	90.629
4143.000	90.610
4144.000	90.590
4145.000	90.572
4146.000	90.552
4147.000	90.536
4148.000	90.509
4149.000	90.489
4150.000	53.940
4151.000	53.937
4152.000	53.934
4153.000	53.932
4154.000	53.928
4155.000	53.924
4156.000	53.922
4157.000	53.920
4158.000	53.915
4159.000	53.914
4160.000	53.910
4161.000	53.925
4162.000	53.920
4163.000	53.914
4164.000	53.837
4165.000	53.832
4166.000	53.804
4167.000	53.803
4168.000	53.787
4169.000	53.778
4170.000	53.777
4171.000	53.769
4172.000	53.764
4173.000	53.756
4174.000	53.754
4175.000	53.748
4176.000	53.745
4177.000	53.741
4178.000	53.736
4179.000	53.734
4180.000	53.729
4181.000	53.725
4182.000	53.719
