1.05866	0.28887
1.03454	0.28887
1.01027	0.28886
0.98776	0.28886
0.96390	0.28886
0.93962	0.28886
0.91691	0.28886
0.89265	0.28887
0.86909	0.28887
0.84598	0.28887
0.82192	0.28887
0.79878	0.28887
0.77742	0.28887
0.75312	0.28887
0.72956	0.28887
0.70622	0.28886
0.68256	0.28886
0.65912	0.28887
0.63603	0.28887
0.61167	0.28887
0.58858	0.28887
0.56573	0.28887
0.54122	0.28887
0.51797	0.28888
0.49441	0.28888
0.47061	0.28887
0.44721	0.28887
0.42376	0.28887
0.39963	0.28887
0.37758	0.28888
0.35392	0.28888
0.32972	0.28887
0.30662	0.28887
0.28288	0.28888
0.25891	0.28888
0.23624	0.28887
0.21205	0.28888
0.18821	0.28888
0.16609	0.28888
0.14162	0.28888
0.11750	0.28888
0.09476	0.28888
0.07095	0.28889
0.04676	0.28888
0.02405	0.28889
0.00254	0.28888
0.01463	0.28888
0.03725	0.28887
0.06152	0.28888
0.08532	0.28890
0.10793	0.28891
0.13235	0.28889
0.15634	0.28890
0.17902	0.28890
0.20245	0.28889
0.22653	0.28889
0.24947	0.28889
0.27384	0.28889
0.29696	0.28889
0.32015	0.28889
0.34438	0.28889
0.36806	0.28887
0.39078	0.28888
0.41430	0.28888
0.43755	0.28888
0.46099	0.28888
0.48506	0.28888
0.50812	0.28887
0.53198	0.28888
0.55615	0.28887
0.57905	0.28887
0.60216	0.28887
0.62659	0.28888
0.64926	0.28887
0.67342	0.28888
0.69730	0.28888
0.71986	0.28888
0.74410	0.28888
0.76851	0.28888
0.79063	0.28888
0.81281	0.28888
0.83711	0.28888
0.85970	0.28888
0.88369	0.28888
0.90758	0.28888
0.93075	0.28888
0.95482	0.28887
0.97867	0.28888
1.00137	0.28887
1.02539	0.28887
1.04899	0.28888
1.07222	0.28888
1.09614	0.28887
1.11966	0.28888
1.14287	0.28887
1.16737	0.28887
1.19022	0.28887
1.21315	0.28888
1.23765	0.28888
1.26076	0.28889
1.28422	0.28890
1.30814	0.28889
1.33142	0.28889
1.35520	0.28890
1.37872	0.28890
1.40126	0.28890
1.42492	0.28890
1.44911	0.28890
1.47205	0.28891
1.49572	0.28889
1.52004	0.28889
1.54259	0.28889
1.56692	0.28889
1.59084	0.28888
1.61296	0.28888
1.63739	0.28889
1.66147	0.28888
1.68393	0.28888
1.70799	0.28888
1.73205	0.28887
1.75498	0.28887
1.77930	0.28887
1.80156	0.28886
1.82358	0.28886
1.84788	0.28887
1.87160	0.28887
1.89445	0.28887
1.91879	0.28887
1.94224	0.28886
1.96568	0.28887
1.98969	0.28887
2.00980	0.28887
2.03333	0.28888
2.05749	0.28887
2.08041	0.28887
2.10390	0.28888
2.12834	0.28888
2.15111	0.28888
2.17520	0.28888
2.19884	0.28887
2.22131	0.28888
2.24534	0.28889
2.26983	0.28888
2.29199	0.28889
2.31630	0.28888
2.34053	0.28888
2.36319	0.28888
2.38704	0.28888
2.41011	0.28887
2.43311	0.28888
2.45722	0.28888
2.48107	0.28887
2.50361	0.28888
2.52806	0.28887
2.55171	0.28888
2.57499	0.28887
2.59864	0.28887
2.62192	0.28886
2.64508	0.28886
2.66965	0.28887
2.69258	0.28887
2.71587	0.28887
2.74048	0.28887
2.76354	0.28887
2.78691	0.28886
2.80894	0.28887
2.83214	0.28886
2.85584	0.28886
2.87995	0.28887
2.90264	0.28887
2.92670	0.28887
2.95087	0.28886
2.97383	0.28886
2.99746	0.28887
3.02151	0.28886
3.04404	0.28886
3.06835	0.28886
3.09229	0.28886
3.11487	0.28886
3.13922	0.28886
3.16333	0.28886
3.18582	0.28886
3.20940	0.28886
3.23354	0.28886
3.25634	0.28886
3.28068	0.28886
3.30400	0.28887
3.32718	0.28887
3.35128	0.28887
3.37503	0.28886
3.39778	0.28886
3.42119	0.28886
3.44467	0.28886
3.46793	0.28886
3.49196	0.28887
3.51515	0.28886
3.53887	0.28886
3.56308	0.28885
3.58604	0.28885
3.60912	0.28885
3.63353	0.28885
3.65634	0.28885
3.68030	0.28886
3.70416	0.28885
3.72695	0.28886
3.75100	0.28886
3.77550	0.28885
3.79765	0.28885
3.81980	0.28884
3.84407	0.28884
3.86672	0.28885
3.89061	0.28885
3.91468	0.28885
3.93770	0.28884
3.96186	0.28884
3.98570	0.28884
4.00631	0.28884
4.02923	0.28883
4.05300	0.28883
4.07622	0.28881
4.10003	0.28881
4.12368	0.28880
4.14672	0.28881
4.17113	0.28880
4.19430	0.28880
4.21705	0.28879
4.24159	0.28878
4.26475	0.28877
4.28805	0.28877
4.31209	0.28875
4.33540	0.28874
4.35899	0.28872
4.38323	0.28870
4.40533	0.28868
4.42879	0.28866
4.45296	0.28862
4.47601	0.28859
4.49962	0.28855
4.52393	0.28851
4.54652	0.28843
4.57079	0.28835
4.59476	0.28825
4.61681	0.28810
4.64121	0.28791
4.66531	0.28764
4.68776	0.28731
4.71179	0.28691
4.73598	0.28636
4.75874	0.28576
4.78302	0.28506
4.80550	0.28441
4.82742	0.28373
4.85171	0.28322
4.87553	0.28283
4.89824	0.28271
4.92258	0.28281
4.94619	0.28319
4.96942	0.28376
4.99351	0.28449
5.01658	0.28524
5.03977	0.28592
5.06414	0.28655
5.08726	0.28702
5.11040	0.28741
5.13488	0.28768
5.15795	0.28792
5.18174	0.28809
5.20532	0.28823
5.22813	0.28836
5.25179	0.28844
5.27618	0.28852
5.29872	0.28859
5.32262	0.28864
5.34690	0.28868
5.36968	0.28871
5.39358	0.28873
5.41666	0.28875
5.43951	0.28877
5.46362	0.28878
5.48789	0.28879
5.51005	0.28879
5.53409	0.28881
5.55821	0.28881
5.58107	0.28881
5.60483	0.28883
5.62861	0.28883
5.65135	0.28883
5.67571	0.28884
5.69918	0.28884
5.72215	0.28884
5.74640	0.28884
5.77013	0.28884
5.79301	0.28885
5.81520	0.28885
5.83875	0.28884
5.86191	0.28885
5.88622	0.28885
5.90921	0.28885
5.93266	0.28886
5.95699	0.28885
5.98039	0.28885
6.00332	0.28886
6.02516	0.28887
6.04817	0.28886
6.07190	0.28885
6.09580	0.28886
6.11866	0.28886
6.14291	0.28885
6.16701	0.28886
6.18959	0.28886
6.21304	0.28886
6.23754	0.28887
6.25999	0.28887
6.28425	0.28887
6.30817	0.28887
6.33067	0.28887
6.35498	0.28887
6.37921	0.28887
6.40143	0.28887
6.42470	0.28887
6.44870	0.28887
6.47157	0.28888
6.49563	0.28888
6.51926	0.28888
6.54256	0.28889
6.56675	0.28888
6.59022	0.28887
6.61280	0.28889
6.63722	0.28887
6.66045	0.28888
6.68404	0.28888
6.70785	0.28888
6.73114	0.28888
6.75465	0.28888
6.77905	0.28887
6.80174	0.28888
6.82324	0.28887
6.84775	0.28888
6.87065	0.28888
6.89433	0.28888
6.91842	0.28889
6.94148	0.28889
6.96542	0.28888
6.98971	0.28888
7.01220	0.28887
7.03624	0.28888
7.06045	0.28888
7.08323	0.28888
7.10713	0.28889
7.13131	0.28889
7.15401	0.28889
7.17833	0.28889
7.20194	0.28889
7.22439	0.28890
7.24867	0.28891
7.27245	0.28889
7.29528	0.28889
7.31936	0.28890
7.34313	0.28889
7.36609	0.28890
7.39051	0.28889
7.41306	0.28890
7.43598	0.28890
7.46041	0.28889
7.48378	0.28890
7.50687	0.28890
7.53124	0.28889
7.55431	0.28890
7.57806	0.28889
7.60188	0.28890
7.62438	0.28890
7.64837	0.28889
7.67255	0.28889
7.69523	0.28889
7.71903	0.28890
7.74354	0.28890
7.76593	0.28889
7.79036	0.28889
7.81336	0.28889
7.83480	0.28890
7.85906	0.28890
7.88341	0.28889
7.90574	0.28889
7.93009	0.28889
7.95418	0.28890
7.97697	0.28889
8.00106	0.28890
8.01767	0.28890
8.04069	0.28890
8.06482	0.28890
8.08824	0.28890
8.11101	0.28890
8.13560	0.28889
8.15897	0.28890
8.18242	0.28890
8.20607	0.28889
8.22918	0.28889
8.25254	0.28889
8.27711	0.28890
8.29984	0.28889
8.32332	0.28889
8.34777	0.28889
8.37070	0.28890
8.39444	0.28890
8.41751	0.28889
8.44051	0.28890
8.46450	0.28889
8.48865	0.28890
8.51103	0.28890
8.53546	0.28890
8.55945	0.28890
8.58235	0.28891
8.60609	0.28890
8.62998	0.28890
8.65269	0.28890
8.67704	0.28890
8.70080	0.28891
8.72348	0.28890
8.74784	0.28891
8.77175	0.28890
8.79452	0.28890
8.81682	0.28891
8.84043	0.28890
8.86355	0.28889
8.88788	0.28891
8.91096	0.28890
8.93440	0.28890
8.95876	0.28891
8.98232	0.28890
9.00533	0.28890
9.02957	0.28890
9.05274	0.28890
9.07639	0.28890
9.10024	0.28891
9.12322	0.28891
9.14722	0.28890
9.17134	0.28891
9.19406	0.28891
9.21739	0.28890
9.24177	0.28890
9.26438	0.28890
9.28865	0.28890
9.31262	0.28890
9.33511	0.28891
9.35939	0.28891
9.38384	0.28891
9.40596	0.28891
9.42929	0.28891
9.45344	0.28891
9.47643	0.28891
9.50039	0.28892
9.52411	0.28892
9.54732	0.28892
9.57132	0.28891
9.59502	0.28892
9.61755	0.28892
9.64179	0.28891
9.66525	0.28892
9.68859	0.28892
9.71248	0.28892
9.73600	0.28892
9.75937	0.28892
9.78375	0.28891
9.80657	0.28891
9.82801	0.28892
9.85253	0.28891
9.87550	0.28892
9.89912	0.28893
9.92312	0.28892
9.94629	0.28892
9.97014	0.28892
9.99463	0.28891
10.01573	0.28891
10.00143	0.28891
9.97752	0.28891
9.95490	0.28890
9.93048	0.28892
9.90617	0.28891
9.88386	0.28892
9.85947	0.28891
9.83544	0.28893
9.81397	0.28893
9.79087	0.28892
9.76679	0.28892
9.74411	0.28892
9.71954	0.28894
9.69615	0.28893
9.67309	0.28894
9.64886	0.28894
9.62515	0.28894
9.60244	0.28893
9.57841	0.28894
9.55502	0.28893
9.53155	0.28894
9.50728	0.28894
9.48439	0.28893
9.46069	0.28893
9.43660	0.28894
9.41393	0.28894
9.39109	0.28893
9.36677	0.28894
9.34378	0.28894
9.31962	0.28893
9.29568	0.28894
9.27307	0.28893
9.24895	0.28893
9.22444	0.28893
9.20246	0.28894
9.17857	0.28894
9.15427	0.28894
9.13169	0.28894
9.10727	0.28894
9.08352	0.28893
9.06063	0.28893
9.03643	0.28894
9.01279	0.28893
8.99008	0.28893
8.96587	0.28893
8.94205	0.28892
8.91876	0.28894
8.89461	0.28893
8.87129	0.28893
8.84825	0.28893
8.82367	0.28893
8.80232	0.28892
8.77935	0.28892
8.75493	0.28892
8.73169	0.28892
8.70820	0.28893
8.68423	0.28892
8.66104	0.28893
8.63737	0.28892
8.61306	0.28892
8.59061	0.28892
8.56685	0.28892
8.54275	0.28892
8.51961	0.28892
8.49565	0.28892
8.47182	0.28892
8.44911	0.28893
8.42488	0.28891
8.40155	0.28892
8.37936	0.28892
8.35499	0.28892
8.33073	0.28892
8.30808	0.28891
8.28425	0.28892
8.26011	0.28892
8.23737	0.28891
8.21302	0.28892
8.18975	0.28892
8.16699	0.28892
8.14269	0.28892
8.11890	0.28891
8.09580	0.28892
8.07186	0.28892
8.04831	0.28892
8.02497	0.28893
8.00717	0.28892
7.98503	0.28893
7.96139	0.28892
7.93708	0.28892
7.91380	0.28893
7.89048	0.28892
7.86631	0.28892
7.84329	0.28893
7.81951	0.28892
7.79730	0.28892
7.77469	0.28892
7.75088	0.28892
7.72647	0.28892
7.70386	0.28892
7.67995	0.28892
7.65562	0.28892
7.63315	0.28892
7.60913	0.28891
7.58552	0.28893
7.56266	0.28892
7.53848	0.28891
7.51430	0.28891
7.49184	0.28892
7.46772	0.28892
7.44382	0.28892
7.42069	0.28892
7.39756	0.28892
7.37401	0.28891
7.35106	0.28892
7.32663	0.28892
7.30310	0.28892
7.28020	0.28892
7.25573	0.28891
7.23241	0.28891
7.20946	0.28892
7.18562	0.28890
7.16225	0.28892
7.13883	0.28891
7.11434	0.28891
7.09150	0.28891
7.06787	0.28890
7.04380	0.28891
7.02090	0.28890
6.99691	0.28890
6.97307	0.28891
6.95023	0.28891
6.92621	0.28891
6.90186	0.28891
6.87957	0.28891
6.85511	0.28890
6.83097	0.28891
6.80957	0.28890
6.78655	0.28891
6.76228	0.28892
6.73962	0.28891
6.71514	0.28890
6.69143	0.28890
6.66878	0.28890
6.64456	0.28891
6.62060	0.28889
6.59795	0.28891
6.57402	0.28890
6.55042	0.28891
6.52722	0.28891
6.50288	0.28891
6.47995	0.28890
6.45636	0.28891
6.43217	0.28891
6.40928	0.28891
6.38663	0.28891
6.36223	0.28890
6.33928	0.28890
6.31536	0.28890
6.29129	0.28890
6.26864	0.28890
6.24477	0.28890
6.22028	0.28890
6.19799	0.28890
6.17431	0.28889
6.15004	0.28890
6.12751	0.28889
6.10307	0.28889
6.07944	0.28890
6.05654	0.28890
6.03244	0.28890
6.00964	0.28889
5.98869	0.28889
5.96458	0.28889
5.94057	0.28888
5.91747	0.28889
5.89348	0.28888
5.86974	0.28888
5.84686	0.28889
5.82243	0.28888
5.80085	0.28886
5.77813	0.28887
5.75364	0.28886
5.73020	0.28888
5.70702	0.28886
5.68298	0.28886
5.65960	0.28886
5.63625	0.28885
5.61176	0.28885
5.58934	0.28884
5.56577	0.28882
5.54167	0.28882
5.51834	0.28882
5.49462	0.28880
5.47086	0.28879
5.44795	0.28877
5.42390	0.28875
5.40048	0.28873
5.37829	0.28870
5.35393	0.28865
5.32974	0.28861
5.30715	0.28855
5.28324	0.28847
5.25904	0.28837
5.23644	0.28826
5.21206	0.28816
5.18870	0.28800
5.16610	0.28783
5.14184	0.28762
5.11784	0.28734
5.09489	0.28694
5.07100	0.28645
5.04731	0.28583
5.02419	0.28514
5.00013	0.28442
4.97698	0.28370
4.95357	0.28317
4.92930	0.28277
4.90573	0.28267
4.88276	0.28280
4.85828	0.28322
4.83521	0.28375
4.81176	0.28444
4.78953	0.28516
4.76662	0.28585
4.74288	0.28646
4.71846	0.28699
4.69563	0.28741
4.67205	0.28773
4.64777	0.28800
4.62504	0.28818
4.60121	0.28832
4.57759	0.28842
4.55461	0.28849
4.53043	0.28856
4.50605	0.28860
4.48375	0.28864
4.45951	0.28868
4.43549	0.28871
4.41258	0.28873
4.38955	0.28875
4.36580	0.28876
4.34297	0.28878
4.31857	0.28879
4.29489	0.28880
4.27216	0.28881
4.24784	0.28882
4.22469	0.28883
4.20134	0.28884
4.17768	0.28884
4.15409	0.28885
4.13083	0.28885
4.10628	0.28886
4.08331	0.28887
4.05985	0.28887
4.03567	0.28887
4.01260	0.28887
3.99220	0.28887
3.96830	0.28887
3.94520	0.28887
3.92131	0.28888
3.89703	0.28889
3.87458	0.28888
3.85043	0.28889
3.82610	0.28890
3.80474	0.28889
3.78174	0.28889
3.75741	0.28890
3.73492	0.28889
3.71054	0.28889
3.68661	0.28890
3.66415	0.28890
3.63991	0.28890
3.61583	0.28890
3.59346	0.28889
3.56962	0.28889
3.54569	0.28890
3.52262	0.28890
3.49838	0.28890
3.47509	0.28891
3.45179	0.28890
3.42755	0.28891
3.40445	0.28892
3.38209	0.28892
3.35768	0.28891
3.33455	0.28891
3.31090	0.28891
3.28670	0.28892
3.26390	0.28891
3.24029	0.28891
3.21590	0.28892
3.19371	0.28892
3.17077	0.28892
3.14632	0.28892
3.12321	0.28892
3.09947	0.28892
3.07567	0.28893
3.05247	0.28892
3.02881	0.28892
3.00477	0.28892
2.98216	0.28892
2.95822	0.28892
2.93405	0.28892
2.91109	0.28891
2.88701	0.28892
2.86311	0.28893
2.84057	0.28892
2.81609	0.28893
2.79407	0.28893
2.77183	0.28893
2.74756	0.28893
2.72335	0.28893
2.70057	0.28893
2.67674	0.28893
2.65273	0.28893
2.62991	0.28893
2.60563	0.28893
2.58251	0.28893
2.55955	0.28893
2.53538	0.28893
2.51157	0.28893
2.48851	0.28892
2.46440	0.28893
2.44108	0.28893
2.41760	0.28892
2.39405	0.28893
2.37150	0.28893
2.34774	0.28893
2.32353	0.28893
2.30039	0.28893
2.27704	0.28893
2.25281	0.28893
2.22997	0.28893
2.20591	0.28894
2.18230	0.28893
2.15975	0.28893
2.13574	0.28894
2.11128	0.28894
2.08873	0.28893
2.06492	0.28894
2.04045	0.28894
2.01795	0.28894
1.99640	0.28894
1.97325	0.28894
1.95034	0.28895
1.92606	0.28894
1.88905	0.28894
