2.00545	0.28924
1.98383	0.28926
1.96134	0.28927
1.93712	0.28929
1.91283	0.28931
1.89005	0.28933
1.86626	0.28932
1.84202	0.28934
1.81929	0.28934
1.79675	0.28935
1.77369	0.28936
1.75057	0.28938
1.72644	0.28938
1.70259	0.28939
1.67988	0.28940
1.65571	0.28941
1.63215	0.28943
1.60888	0.28944
1.58519	0.28944
1.56191	0.28945
1.53870	0.28946
1.51415	0.28947
1.49091	0.28946
1.46786	0.28948
1.44344	0.28948
1.42035	0.28949
1.39733	0.28949
1.37382	0.28948
1.35064	0.28949
1.32686	0.28950
1.30256	0.28950
1.28011	0.28952
1.25611	0.28953
1.23200	0.28951
1.20903	0.28953
1.18559	0.28954
1.16150	0.28955
1.13891	0.28955
1.11462	0.28955
1.09044	0.28955
1.06818	0.28955
1.04423	0.28957
1.02003	0.28957
0.99779	0.28959
0.97378	0.28959
0.94970	0.28959
0.92699	0.28961
0.90244	0.28960
0.87893	0.28960
0.85601	0.28961
0.83190	0.28960
0.80800	0.28962
0.78715	0.28963
0.76321	0.28963
0.73966	0.28964
0.71640	0.28964
0.69211	0.28964
0.66919	0.28963
0.64556	0.28965
0.62124	0.28964
0.59831	0.28964
0.57528	0.28966
0.55105	0.28967
0.52807	0.28967
0.50410	0.28968
0.48010	0.28968
0.45736	0.28968
0.43334	0.28968
0.40896	0.28969
0.38735	0.28968
0.36355	0.28969
0.33928	0.28970
0.31664	0.28970
0.29249	0.28971
0.26869	0.28970
0.24580	0.28970
0.22176	0.28970
0.19772	0.28970
0.17563	0.28969
0.15137	0.28970
0.12761	0.28970
0.10444	0.28971
0.08031	0.28972
0.05688	0.28973
0.03384	0.28972
0.00950	0.28972
0.00551	0.28973
0.02844	0.28972
0.05257	0.28972
0.07626	0.28972
0.09901	0.28971
0.12335	0.28970
0.14689	0.28970
0.17022	0.28970
0.19395	0.28969
0.21711	0.28970
0.24030	0.28969
0.26483	0.28969
0.28767	0.28970
0.31105	0.28967
0.33554	0.28967
0.35858	0.28968
0.38205	0.28968
0.40509	0.28967
0.42829	0.28966
0.45199	0.28968
0.47625	0.28967
0.49867	0.28966
0.52297	0.28967
0.54704	0.28966
0.56995	0.28965
0.59349	0.28966
0.61747	0.28964
0.64015	0.28964
0.66442	0.28965
0.68823	0.28965
0.71081	0.28963
0.73517	0.28963
0.75919	0.28963
0.78178	0.28962
0.80398	0.28963
0.82766	0.28962
0.85061	0.28962
0.87498	0.28960
0.89818	0.28961
0.92138	0.28959
0.94576	0.28960
0.96933	0.28959
0.99226	0.28958
1.01628	0.28959
1.03955	0.28958
1.06308	0.28957
1.08698	0.28957
1.11006	0.28955
1.13396	0.28956
1.15807	0.28955
1.18098	0.28953
1.20407	0.28954
1.22843	0.28953
1.25116	0.28952
1.27527	0.28952
1.29909	0.28951
1.32175	0.28950
1.34589	0.28950
1.37033	0.28950
1.39254	0.28950
1.41569	0.28948
1.44005	0.28948
1.46273	0.28947
1.48664	0.28947
1.51049	0.28947
1.53356	0.28946
1.55769	0.28944
1.58155	0.28943
1.60386	0.28943
1.62815	0.28942
1.65171	0.28941
1.67503	0.28940
1.69882	0.28938
1.72211	0.28937
1.74521	0.28935
1.76972	0.28934
1.79276	0.28934
1.81376	0.28932
1.83833	0.28932
1.86158	0.28930
1.88481	0.28929
1.90892	0.28928
1.93237	0.28927
1.95581	0.28926
1.98017	0.28924
2.00128	0.28922
2.02335	0.28920
2.04759	0.28918
2.07070	0.28917
2.09421	0.28916
2.11849	0.28914
2.14120	0.28912
2.16535	0.28911
2.18923	0.28909
2.21133	0.28908
2.23581	0.28906
2.26000	0.28904
2.28233	0.28903
2.30632	0.28900
2.33060	0.28898
2.35329	0.28895
2.37761	0.28893
2.40062	0.28891
2.42307	0.28887
2.44728	0.28886
2.47118	0.28882
2.49379	0.28879
2.51824	0.28877
2.54177	0.28874
2.56500	0.28870
2.58894	0.28866
2.61182	0.28862
2.63543	0.28859
2.65966	0.28855
2.68270	0.28850
2.70596	0.28847
2.73038	0.28842
2.75334	0.28837
2.77719	0.28834
2.80031	0.28830
2.82186	0.28822
2.84589	0.28819
2.87017	0.28812
2.89254	0.28804
2.91680	0.28799
2.94106	0.28790
2.96370	0.28787
2.98765	0.28780
3.01097	0.28771
3.03431	0.28765
3.05841	0.28756
3.08244	0.28748
3.10478	0.28740
3.12918	0.28731
3.15308	0.28723
3.17616	0.28712
3.19983	0.28703
3.22332	0.28691
3.24634	0.28680
3.27075	0.28671
3.29388	0.28658
3.31700	0.28646
3.34156	0.28636
3.36483	0.28621
3.38791	0.28609
3.41116	0.28596
3.43453	0.28582
3.45791	0.28569
3.48219	0.28556
3.50497	0.28546
3.52881	0.28532
3.55297	0.28520
3.57610	0.28508
3.59953	0.28495
3.62340	0.28481
3.64617	0.28470
3.67031	0.28458
3.69426	0.28445
3.71670	0.28434
3.74113	0.28423
3.76536	0.28410
3.78774	0.28399
3.80996	0.28388
3.83330	0.28375
3.85651	0.28365
3.88090	0.28354
3.90448	0.28343
3.92752	0.28333
3.95165	0.28324
3.97561	0.28315
3.99804	0.28307
4.01931	0.28299
4.04285	0.28291
4.06592	0.28283
4.09002	0.28277
4.11335	0.28271
4.13692	0.28265
4.16119	0.28259
4.18424	0.28255
4.20704	0.28252
4.23145	0.28248
4.25449	0.28246
4.27830	0.28244
4.30218	0.28243
4.32508	0.28241
4.34891	0.28241
4.37331	0.28242
4.39570	0.28245
4.41879	0.28245
4.44318	0.28248
4.46569	0.28251
4.48968	0.28255
4.51377	0.28259
4.53661	0.28266
4.56078	0.28271
4.58491	0.28280
4.60691	0.28286
4.63115	0.28292
4.65509	0.28303
4.67809	0.28311
4.70191	0.28321
4.72575	0.28331
4.74875	0.28343
4.77315	0.28351
4.79631	0.28363
4.81722	0.28372
4.84179	0.28385
4.86522	0.28399
4.88838	0.28409
4.91212	0.28422
4.93578	0.28435
4.95901	0.28446
4.98343	0.28457
5.00641	0.28463
5.02963	0.28482
5.05315	0.28497
5.07712	0.28510
5.10032	0.28521
5.12468	0.28534
5.14767	0.28547
5.17153	0.28558
5.19551	0.28572
5.21769	0.28584
5.24198	0.28595
5.26609	0.28608
5.28857	0.28619
5.31254	0.28631
5.33689	0.28641
5.35945	0.28653
5.38368	0.28662
5.40714	0.28670
5.42932	0.28681
5.45347	0.28692
5.47767	0.28700
5.50010	0.28709
5.52430	0.28717
5.54833	0.28725
5.57131	0.28733
5.59524	0.28740
5.61828	0.28749
5.64162	0.28755
5.66586	0.28763
5.68927	0.28770
5.71217	0.28777
5.73677	0.28783
5.75985	0.28790
5.78350	0.28795
5.80668	0.28801
5.82843	0.28806
5.85204	0.28812
5.87647	0.28818
5.89909	0.28823
5.92297	0.28828
5.94731	0.28833
5.97016	0.28837
5.99393	0.28842
6.01541	0.28847
6.03797	0.28851
6.06198	0.28854
6.08627	0.28860
6.10848	0.28862
6.13285	0.28865
6.15707	0.28869
6.17980	0.28872
6.20350	0.28874
6.22730	0.28878
6.25004	0.28879
6.27441	0.28882
6.29786	0.28886
6.32083	0.28887
6.34514	0.28891
6.36882	0.28892
6.39173	0.28893
6.41495	0.28896
6.43857	0.28899
6.46167	0.28902
6.48599	0.28903
6.50907	0.28905
6.53251	0.28907
6.55687	0.28909
6.58013	0.28910
6.60323	0.28911
6.62721	0.28913
6.65025	0.28914
6.67403	0.28916
6.69796	0.28919
6.72073	0.28919
6.74486	0.28921
6.76913	0.28921
6.79162	0.28922
6.81383	0.28923
6.83785	0.28924
6.86037	0.28927
6.88467	0.28926
6.90865	0.28928
6.93130	0.28929
6.95559	0.28930
6.97978	0.28931
7.00206	0.28932
7.02621	0.28933
7.05019	0.28935
7.07309	0.28935
7.09706	0.28936
7.12066	0.28938
7.14397	0.28938
7.16817	0.28941
7.19161	0.28942
7.21415	0.28942
7.23866	0.28943
7.26180	0.28942
7.28532	0.28944
7.30923	0.28945
7.33245	0.28947
7.35603	0.28947
7.38035	0.28948
7.40312	0.28948
7.42579	0.28949
7.45015	0.28950
7.47311	0.28950
7.49674	0.28952
7.52086	0.28951
7.54378	0.28952
7.56771	0.28953
7.59211	0.28953
7.61403	0.28954
7.63826	0.28955
7.66238	0.28955
7.68515	0.28955
7.70899	0.28955
7.73316	0.28954
7.75587	0.28956
7.78022	0.28957
7.80377	0.28957
7.82449	0.28957
7.84891	0.28960
7.87265	0.28959
7.89553	0.28959
7.91967	0.28960
7.94345	0.28960
7.96648	0.28960
7.99087	0.28961
8.01019	0.28961
8.02939	0.28961
8.05376	0.28963
8.07712	0.28962
8.10017	0.28963
8.12457	0.28964
8.14774	0.28963
8.17139	0.28964
8.19533	0.28965
8.21780	0.28965
8.24192	0.28966
8.26607	0.28966
8.28869	0.28965
8.31257	0.28966
8.33690	0.28967
8.35946	0.28967
8.38377	0.28968
8.40728	0.28968
8.42940	0.28968
8.45357	0.28969
8.47792	0.28968
8.50020	0.28968
8.52446	0.28968
8.54864	0.28969
8.57150	0.28968
8.59539	0.28969
8.61861	0.28969
8.64193	0.28969
8.66611	0.28971
8.68964	0.28970
8.71246	0.28970
8.73698	0.28972
8.76028	0.28972
8.78372	0.28974
8.80706	0.28975
8.82896	0.28975
8.85251	0.28975
8.87691	0.28975
8.89969	0.28974
8.92338	0.28974
8.94779	0.28973
8.97077	0.28974
8.99449	0.28972
9.01852	0.28973
9.04138	0.28974
9.06521	0.28973
9.08946	0.28974
9.11178	0.28974
9.13615	0.28974
9.16041	0.28973
9.18313	0.28974
9.20682	0.28973
9.23079	0.28974
9.25337	0.28976
9.27776	0.28975
9.30134	0.28975
9.32416	0.28975
9.34842	0.28975
9.37237	0.28977
9.39519	0.28976
9.41841	0.28976
9.44215	0.28979
9.46510	0.28978
9.48955	0.28980
9.51264	0.28979
9.53599	0.28978
9.56036	0.28979
9.58377	0.28978
9.60670	0.28976
9.63082	0.28977
9.65397	0.28979
9.67761	0.28980
9.70146	0.28981
9.72450	0.28981
9.74852	0.28982
9.77270	0.28982
9.79551	0.28983
9.81761	0.28982
9.84143	0.28982
9.86411	0.28984
9.88846	0.28983
9.91228	0.28982
9.93503	0.28983
9.95932	0.28979
9.98373	0.28982
10.00584	0.28982
10.00855	0.28981
9.98532	0.28981
9.96224	0.28982
9.93815	0.28979
9.91404	0.28982
9.89141	0.28981
9.86714	0.28978
9.84352	0.28980
9.82035	0.28978
9.79810	0.28979
9.77487	0.28978
9.75165	0.28978
9.72715	0.28978
9.70387	0.28978
9.68081	0.28979
9.65638	0.28979
9.63322	0.28977
9.60999	0.28978
9.58615	0.28979
9.56292	0.28977
9.53930	0.28976
9.51475	0.28975
9.49228	0.28975
9.46833	0.28976
9.44411	0.28973
9.42156	0.28974
9.39812	0.28975
9.37423	0.28975
9.35159	0.28974
9.32721	0.28973
9.30302	0.28974
9.28082	0.28974
9.25648	0.28975
9.23237	0.28976
9.20985	0.28974
9.18609	0.28977
9.16212	0.28973
9.13925	0.28974
9.11495	0.28974
9.09134	0.28974
9.06844	0.28975
9.04421	0.28974
9.02069	0.28975
8.99752	0.28976
8.97352	0.28974
8.95007	0.28974
8.92667	0.28974
8.90221	0.28973
8.87937	0.28973
8.85565	0.28972
8.83133	0.28974
8.80931	0.28973
8.78698	0.28973
8.76262	0.28971
8.73983	0.28972
8.71568	0.28972
8.69164	0.28971
8.66907	0.28971
8.64506	0.28971
8.62058	0.28970
8.59839	0.28970
8.57459	0.28969
8.55018	0.28970
8.52767	0.28970
8.50330	0.28970
8.47958	0.28969
8.45669	0.28970
8.43250	0.28970
8.40886	0.28968
8.38689	0.28967
8.36257	0.28967
8.33891	0.28968
8.31564	0.28965
8.29161	0.28966
8.26822	0.28966
8.24511	0.28964
8.22057	0.28966
8.19767	0.28965
8.17474	0.28964
8.15031	0.28965
8.12707	0.28964
8.10344	0.28964
8.07958	0.28961
8.05627	0.28961
8.03270	0.28961
8.01132	0.28961
7.99359	0.28963
7.96973	0.28961
7.94560	0.28960
7.92254	0.28960
7.89862	0.28957
7.87467	0.28957
7.85205	0.28957
7.82775	0.28955
7.80560	0.28955
7.78337	0.28955
7.75895	0.28954
7.73482	0.28953
7.71209	0.28953
7.68828	0.28952
7.66415	0.28951
7.64143	0.28951
7.61720	0.28951
7.59389	0.28951
7.57111	0.28950
7.54682	0.28950
7.52303	0.28953
7.49998	0.28953
7.47591	0.28952
7.45249	0.28950
7.42919	0.28950
7.40568	0.28949
7.38290	0.28948
7.35930	0.28948
7.33509	0.28947
7.31179	0.28945
7.28848	0.28946
7.26428	0.28943
7.24132	0.28942
7.21737	0.28942
7.19379	0.28941
7.17111	0.28942
7.14718	0.28940
7.12273	0.28940
7.10009	0.28939
7.07643	0.28937
7.05202	0.28937
7.02942	0.28935
7.00541	0.28934
6.98153	0.28932
6.95874	0.28931
6.93453	0.28930
6.91034	0.28929
6.88787	0.28929
6.86360	0.28927
6.83979	0.28927
6.81671	0.28926
6.79459	0.28924
6.77122	0.28922
6.74813	0.28921
6.72380	0.28920
6.70029	0.28917
6.67743	0.28916
6.65303	0.28913
6.62962	0.28912
6.60650	0.28911
6.58269	0.28909
6.55934	0.28907
6.53596	0.28906
6.51144	0.28902
6.48871	0.28901
6.46501	0.28899
6.44089	0.28898
6.41777	0.28895
6.39491	0.28892
6.37109	0.28891
6.34829	0.28888
6.32400	0.28885
6.29986	0.28882
6.27761	0.28879
6.25326	0.28877
6.22907	0.28874
6.20659	0.28871
6.18297	0.28868
6.15880	0.28865
6.13620	0.28862
6.11179	0.28858
6.08800	0.28855
6.06530	0.28849
6.04109	0.28845
6.01743	0.28839
5.99718	0.28834
5.97321	0.28832
5.94959	0.28831
5.92641	0.28826
5.90188	0.28822
5.87892	0.28817
5.85543	0.28811
5.83115	0.28807
5.80887	0.28801
5.78678	0.28795
5.76246	0.28789
5.73946	0.28783
5.71548	0.28777
5.69162	0.28769
5.66882	0.28763
5.64494	0.28758
5.62058	0.28749
5.59829	0.28742
5.57462	0.28734
5.55021	0.28726
5.52768	0.28718
5.50331	0.28711
5.47948	0.28701
5.45677	0.28693
5.43259	0.28682
5.40870	0.28672
5.38693	0.28661
5.36269	0.28650
5.33884	0.28641
5.31575	0.28628
5.29185	0.28620
5.26823	0.28609
5.24513	0.28597
5.22078	0.28586
5.19768	0.28576
5.17498	0.28559
5.15050	0.28550
5.12705	0.28537
5.10373	0.28522
5.07975	0.28513
5.05637	0.28501
5.03310	0.28487
5.00891	0.28463
4.98601	0.28464
4.96242	0.28449
4.93822	0.28438
4.91492	0.28427
4.89121	0.28413
4.86728	0.28401
4.84445	0.28391
4.82029	0.28378
4.79809	0.28368
4.77594	0.28355
4.75158	0.28344
4.72747	0.28336
4.70479	0.28324
4.68094	0.28314
4.65667	0.28305
4.63408	0.28296
4.60980	0.28288
4.58632	0.28281
4.56368	0.28273
4.53950	0.28267
4.51544	0.28261
4.49252	0.28255
4.46864	0.28252
4.44494	0.28249
4.42178	0.28244
4.39824	0.28242
4.37538	0.28241
4.35196	0.28240
4.32780	0.28241
4.30428	0.28241
4.28122	0.28241
4.25690	0.28244
4.23384	0.28245
4.21009	0.28248
4.18654	0.28254
4.16361	0.28257
4.13990	0.28263
4.11550	0.28267
4.09260	0.28274
4.06911	0.28282
4.04471	0.28286
4.02205	0.28296
4.00055	0.28302
3.97740	0.28311
3.95464	0.28323
3.93041	0.28332
3.90602	0.28340
3.88373	0.28352
3.85945	0.28363
3.83551	0.28373
3.81256	0.28384
3.79067	0.28399
3.76699	0.28409
3.74409	0.28422
3.71969	0.28432
3.69602	0.28445
3.67331	0.28457
3.64896	0.28470
3.62539	0.28483
3.60243	0.28496
3.57863	0.28510
3.55522	0.28521
3.53192	0.28534
3.50732	0.28547
3.48446	0.28558
3.46102	0.28570
3.43678	0.28584
3.41355	0.28594
3.39094	0.28608
3.36711	0.28618
3.34405	0.28630
3.32002	0.28642
3.29595	0.28653
3.27351	0.28663
3.24932	0.28676
3.22517	0.28688
3.20266	0.28697
3.17903	0.28706
3.15479	0.28715
3.13226	0.28723
3.10787	0.28732
3.08385	0.28742
3.06136	0.28750
3.03711	0.28760
3.01325	0.28768
2.99030	0.28776
2.95311	0.28782
