7.12222	0.29187
7.09948	0.29187
7.07564	0.29186
7.05164	0.29186
7.02890	0.29187
7.00478	0.29187
6.98130	0.29185
6.95802	0.29183
6.93386	0.29182
6.91017	0.29182
6.88736	0.29180
6.86292	0.29180
6.83964	0.29177
6.81627	0.29177
6.79398	0.29175
6.77110	0.29176
6.74761	0.29173
6.72312	0.29171
6.70009	0.29170
6.67673	0.29169
6.65234	0.29168
6.62951	0.29168
6.60592	0.29165
6.58217	0.29164
6.55918	0.29162
6.53515	0.29159
6.51086	0.29158
6.48850	0.29157
6.46432	0.29156
6.44018	0.29156
6.41730	0.29153
6.39420	0.29152
6.37030	0.29151
6.34764	0.29148
6.32326	0.29145
6.29934	0.29143
6.27688	0.29140
6.25247	0.29138
6.22874	0.29134
6.20593	0.29132
6.18232	0.29129
6.15857	0.29125
6.13553	0.29121
6.11107	0.29118
6.08784	0.29114
6.06475	0.29111
6.04045	0.29107
6.01722	0.29102
5.99653	0.29100
5.97249	0.29095
5.94941	0.29091
5.92568	0.29087
5.90126	0.29084
5.87871	0.29079
5.85466	0.29075
5.83048	0.29069
5.80882	0.29063
5.78611	0.29059
5.76178	0.29054
5.73924	0.29048
5.71484	0.29042
5.69092	0.29035
5.66840	0.29028
5.64423	0.29021
5.61986	0.29013
5.59767	0.29005
5.57375	0.28998
5.54974	0.28988
5.52698	0.28979
5.50261	0.28969
5.47919	0.28958
5.45594	0.28950
5.43181	0.28938
5.40845	0.28928
5.38632	0.28917
5.36193	0.28904
5.33862	0.28894
5.31512	0.28880
5.29095	0.28871
5.26794	0.28857
5.24448	0.28844
5.22003	0.28830
5.19734	0.28815
5.17408	0.28798
5.14981	0.28784
5.12679	0.28770
5.10304	0.28754
5.07909	0.28741
5.05607	0.28727
5.03221	0.28708
5.00815	0.28679
4.98578	0.28681
4.96166	0.28662
4.93740	0.28651
4.91457	0.28636
4.89052	0.28621
4.86655	0.28606
4.84390	0.28595
4.81944	0.28581
4.79763	0.28566
4.77516	0.28556
4.75082	0.28543
4.72698	0.28533
4.70398	0.28526
4.68017	0.28515
4.65633	0.28509
4.63329	0.28503
4.60903	0.28496
4.58606	0.28491
4.56303	0.28488
4.53866	0.28485
4.51515	0.28482
4.49181	0.28484
4.46781	0.28483
4.44462	0.28484
4.42102	0.28487
4.39766	0.28490
4.37506	0.28496
4.35115	0.28500
4.32686	0.28509
4.30400	0.28514
4.28043	0.28521
4.25613	0.28529
4.23353	0.28536
4.20928	0.28545
4.18574	0.28555
4.16323	0.28564
4.13913	0.28574
4.11459	0.28583
4.09203	0.28593
4.06827	0.28603
4.04399	0.28613
4.02138	0.28623
3.99988	0.28636
3.97689	0.28644
3.95379	0.28659
3.92959	0.28670
3.90571	0.28681
3.88301	0.28693
3.85861	0.28705
3.83520	0.28719
3.81201	0.28731
3.78984	0.28746
3.76667	0.28756
3.74333	0.28770
3.71884	0.28781
3.69570	0.28794
3.67253	0.28807
3.64822	0.28818
3.62510	0.28831
3.60164	0.28842
3.57800	0.28855
3.55483	0.28867
3.53109	0.28878
3.50670	0.28889
3.48420	0.28902
3.46019	0.28912
3.43603	0.28923
3.41312	0.28931
3.39003	0.28944
3.36602	0.28952
3.34356	0.28960
3.31918	0.28969
3.29509	0.28977
3.27280	0.28987
3.24837	0.28997
3.22445	0.29004
3.20181	0.29011
3.17816	0.29019
3.15424	0.29024
3.13131	0.29031
3.10693	0.29040
3.08353	0.29045
3.06060	0.29051
3.03625	0.29056
3.01288	0.29062
2.98976	0.29068
2.96567	0.29073
2.94243	0.29079
2.91890	0.29083
2.89442	0.29087
2.87178	0.29093
2.84796	0.29096
2.82378	0.29099
2.80179	0.29103
2.77928	0.29107
2.75505	0.29111
2.73232	0.29114
2.70809	0.29118
2.68418	0.29122
2.66169	0.29126
2.63751	0.29129
2.61313	0.29133
2.59096	0.29135
2.56719	0.29137
2.54284	0.29140
2.52023	0.29141
2.49590	0.29144
2.47230	0.29146
2.44924	0.29148
2.42512	0.29151
2.40158	0.29152
2.37956	0.29154
2.35532	0.29157
2.33171	0.29158
2.30837	0.29160
2.28423	0.29160
2.26107	0.29162
2.23788	0.29164
2.21332	0.29167
2.19055	0.29168
2.16749	0.29168
2.14314	0.29169
2.11994	0.29170
2.09630	0.29171
2.07248	0.29172
2.04922	0.29174
2.02562	0.29175
2.00266	0.29176
1.98195	0.29178
1.95797	0.29179
1.93381	0.29180
1.91089	0.29180
1.88687	0.29180
1.86297	0.29182
1.84031	0.29184
1.81585	0.29184
1.79377	0.29186
1.77163	0.29187
1.74725	0.29188
1.72318	0.29189
1.70037	0.29189
1.67665	0.29192
1.65257	0.29192
1.62978	0.29192
1.60548	0.29194
1.58231	0.29194
1.55936	0.29194
1.53518	0.29195
1.51138	0.29194
1.48838	0.29196
1.46428	0.29197
1.44085	0.29198
1.41740	0.29199
1.39396	0.29200
1.37130	0.29201
1.34763	0.29201
1.32343	0.29202
1.30026	0.29201
1.27694	0.29203
1.25265	0.29203
1.22985	0.29205
1.20569	0.29205
1.18216	0.29206
1.15961	0.29207
1.13552	0.29207
1.11115	0.29208
1.08857	0.29208
1.06478	0.29208
1.04037	0.29209
1.01784	0.29209
0.99384	0.29211
0.97015	0.29211
0.94724	0.29212
0.92306	0.29211
0.89897	0.29211
0.87640	0.29210
0.85217	0.29210
0.82850	0.29211
0.80526	0.29212
0.78333	0.29214
0.75997	0.29215
0.73676	0.29214
0.71234	0.29215
0.68900	0.29214
0.66608	0.29215
0.64162	0.29214
0.61836	0.29214
0.59516	0.29215
0.57139	0.29214
0.54814	0.29215
0.52465	0.29216
0.50017	0.29217
0.47752	0.29217
0.45370	0.29216
0.42953	0.29215
0.40655	0.29214
0.38362	0.29213
0.35971	0.29213
0.33702	0.29213
0.31273	0.29213
0.28852	0.29213
0.26638	0.29214
0.24191	0.29215
0.21783	0.29215
0.19538	0.29216
0.17171	0.29217
0.14763	0.29216
0.12489	0.29219
0.10051	0.29219
0.07691	0.29220
0.05403	0.29221
0.02986	0.29223
0.00622	0.29222
0.00774	0.29222
0.03203	0.29223
0.05586	0.29221
0.07869	0.29222
0.10267	0.29222
0.12658	0.29221
0.14958	0.29222
0.17392	0.29221
0.19677	0.29220
0.21989	0.29221
0.24413	0.29220
0.26767	0.29219
0.29056	0.29219
0.31487	0.29220
0.33816	0.29221
0.36173	0.29220
0.38560	0.29220
0.40761	0.29218
0.43153	0.29218
0.45577	0.29219
0.47850	0.29216
0.50221	0.29216
0.52661	0.29216
0.54923	0.29214
0.57349	0.29216
0.59718	0.29214
0.61954	0.29214
0.64379	0.29214
0.66821	0.29211
0.69035	0.29211
0.71445	0.29212
0.73876	0.29209
0.76147	0.29211
0.78546	0.29210
0.80704	0.29210
0.83028	0.29210
0.85434	0.29210
0.87808	0.29209
0.90085	0.29209
0.92531	0.29210
0.94879	0.29209
0.97210	0.29208
0.99611	0.29208
1.01910	0.29208
1.04257	0.29209
1.06703	0.29208
1.08974	0.29211
1.11326	0.29207
1.13762	0.29207
1.16077	0.29207
1.18426	0.29204
1.20777	0.29205
1.23101	0.29204
1.25473	0.29203
1.27838	0.29201
1.30136	0.29201
1.32554	0.29199
1.34966	0.29200
1.37249	0.29198
1.39603	0.29198
1.41960	0.29197
1.44217	0.29197
1.46647	0.29196
1.49024	0.29196
1.51291	0.29196
1.53731	0.29195
1.56128	0.29194
1.58394	0.29196
1.60764	0.29194
1.63148	0.29193
1.65452	0.29194
1.67875	0.29191
1.70195	0.29191
1.72519	0.29190
1.74949	0.29187
1.77304	0.29186
1.79562	0.29186
1.81810	0.29184
1.84143	0.29182
1.86488	0.29181
1.88899	0.29180
1.91205	0.29179
1.93592	0.29178
1.96019	0.29176
1.98291	0.29177
2.00406	0.29175
2.02722	0.29174
2.05016	0.29175
2.07420	0.29172
2.09787	0.29171
2.12085	0.29169
2.14482	0.29168
2.16928	0.29167
2.19143	0.29164
2.21515	0.29163
2.23956	0.29161
2.26218	0.29160
2.28607	0.29159
2.31005	0.29157
2.33299	0.29155
2.35719	0.29154
2.38110	0.29152
2.40286	0.29150
2.42705	0.29147
2.45069	0.29145
2.47390	0.29143
2.49769	0.29141
2.52143	0.29138
2.54455	0.29135
2.56896	0.29133
2.59208	0.29130
2.61477	0.29129
2.63930	0.29126
2.66262	0.29123
2.68575	0.29119
2.70988	0.29116
2.73330	0.29114
2.75672	0.29110
2.78102	0.29107
2.80245	0.29103
2.82542	0.29100
2.84971	0.29096
2.87269	0.29091
2.89557	0.29087
2.92018	0.29082
2.94308	0.29076
2.96710	0.29072
2.99108	0.29066
3.01362	0.29062
3.03768	0.29056
3.06193	0.29049
3.08437	0.29046
3.10832	0.29037
3.13281	0.29032
3.15531	0.29026
3.17952	0.29018
3.20310	0.29011
3.22563	0.29003
3.24986	0.28994
3.27387	0.28985
3.29635	0.28977
3.32072	0.28968
3.34440	0.28960
3.36752	0.28950
3.39153	0.28942
3.41390	0.28930
3.43740	0.28922
3.46151	0.28910
3.48485	0.28901
3.50797	0.28890
3.53249	0.28877
3.55553	0.28867
3.57921	0.28855
3.60294	0.28841
3.62577	0.28830
3.64953	0.28819
3.67386	0.28805
3.69642	0.28795
3.72028	0.28780
3.74469	0.28768
3.76736	0.28759
3.79127	0.28746
3.81314	0.28732
3.83600	0.28720
3.86023	0.28709
3.88436	0.28698
3.90670	0.28684
3.93118	0.28675
3.95512	0.28661
3.97807	0.28649
4.00108	0.28639
4.02247	0.28624
4.04532	0.28616
4.06971	0.28604
4.09307	0.28593
4.11611	0.28583
4.14048	0.28573
4.16409	0.28564
4.18696	0.28554
4.21075	0.28546
4.23428	0.28538
4.25743	0.28530
4.28193	0.28524
4.30468	0.28515
4.32833	0.28511
4.35255	0.28505
4.37581	0.28498
4.39897	0.28496
4.42230	0.28490
4.44536	0.28487
4.46937	0.28486
4.49316	0.28482
4.51593	0.28484
4.54012	0.28483
4.56444	0.28482
4.58681	0.28483
4.61044	0.28485
4.63480	0.28486
4.65732	0.28489
4.68167	0.28491
4.70536	0.28494
4.72814	0.28499
4.75239	0.28505
4.77644	0.28510
4.79879	0.28517
4.82099	0.28523
4.84493	0.28531
4.86802	0.28538
4.89199	0.28547
4.91542	0.28557
4.93887	0.28566
4.96312	0.28575
4.98647	0.28586
5.00963	0.28588
5.03369	0.28610
5.05683	0.28620
5.08047	0.28634
5.10441	0.28645
5.12756	0.28657
5.15120	0.28669
5.17562	0.28680
5.19814	0.28694
5.22144	0.28706
5.24596	0.28719
5.26864	0.28731
5.29249	0.28746
5.31651	0.28758
5.33934	0.28769
5.36359	0.28783
5.38764	0.28794
5.40935	0.28809
5.43337	0.28819
5.45745	0.28833
5.48041	0.28843
5.50408	0.28855
5.52823	0.28866
5.55104	0.28876
5.57533	0.28888
5.59879	0.28898
5.62138	0.28908
5.64576	0.28920
5.66938	0.28928
5.69164	0.28938
5.71639	0.28947
5.73999	0.28957
5.76313	0.28965
5.78759	0.28974
5.80936	0.28983
5.83199	0.28990
5.85622	0.28998
5.87949	0.29004
5.90280	0.29010
5.92704	0.29018
5.95013	0.29022
5.97415	0.29031
5.99794	0.29039
6.01800	0.29041
6.04196	0.29050
6.06609	0.29055
6.08855	0.29062
6.11264	0.29065
6.13712	0.29070
6.15953	0.29076
6.18379	0.29079
6.20750	0.29086
6.22993	0.29088
6.25414	0.29091
6.27829	0.29097
6.30068	0.29098
6.32501	0.29102
6.34886	0.29108
6.37193	0.29109
6.39584	0.29113
6.41839	0.29117
6.44174	0.29120
6.46595	0.29122
6.48932	0.29126
6.51236	0.29126
6.53690	0.29131
6.56011	0.29134
6.58355	0.29134
6.60746	0.29138
6.63030	0.29140
6.65395	0.29140
6.67836	0.29144
6.70091	0.29145
6.72470	0.29148
6.74909	0.29151
6.77190	0.29152
6.79567	0.29153
6.81762	0.29156
6.84055	0.29158
6.86463	0.29159
6.88880	0.29161
6.91121	0.29163
6.93547	0.29164
6.95976	0.29166
6.98254	0.29167
7.00639	0.29168
7.03027	0.29170
7.05303	0.29171
7.07732	0.29172
7.10082	0.29172
7.12379	0.29172
7.14817	0.29175
7.17178	0.29175
7.19469	0.29175
7.21841	0.29177
7.24206	0.29180
7.26510	0.29179
7.28957	0.29181
7.31242	0.29182
7.33598	0.29182
7.36025	0.29184
7.38359	0.29185
7.40660	0.29185
7.43009	0.29187
7.45316	0.29188
7.47704	0.29189
7.50083	0.29190
7.52382	0.29189
7.54780	0.29190
7.57207	0.29191
7.59456	0.29191
7.61812	0.29192
7.64259	0.29192
7.66504	0.29195
7.68929	0.29194
7.71321	0.29196
7.73591	0.29197
7.76010	0.29197
7.78428	0.29198
7.80654	0.29198
7.82886	0.29199
7.85283	0.29200
7.87574	0.29201
7.89978	0.29199
7.92341	0.29200
7.94669	0.29201
7.97098	0.29201
7.99444	0.29202
8.01228	0.29202
8.03411	0.29203
8.05742	0.29204
8.08091	0.29205
8.10484	0.29205
8.12815	0.29204
8.15164	0.29206
8.17600	0.29205
8.19877	0.29205
8.22195	0.29207
8.24647	0.29208
8.26925	0.29209
8.29300	0.29209
8.31687	0.29208
8.33996	0.29208
8.36401	0.29208
8.38818	0.29209
8.40993	0.29209
8.43392	0.29209
8.45808	0.29209
8.48091	0.29210
8.50470	0.29210
8.52891	0.29209
8.55163	0.29210
8.57596	0.29210
8.59964	0.29209
8.62200	0.29211
8.64644	0.29212
8.67015	0.29210
8.69303	0.29210
8.71715	0.29210
8.74084	0.29211
8.76388	0.29211
8.78840	0.29211
8.81030	0.29212
8.83269	0.29211
8.85704	0.29213
8.88049	0.29213
8.90357	0.29213
8.92793	0.29216
8.95111	0.29214
8.97490	0.29215
8.99823	0.29216
9.02179	0.29215
9.04564	0.29217
9.06985	0.29215
9.09247	0.29216
9.11627	0.29216
9.14079	0.29216
9.16330	0.29217
9.18751	0.29217
9.21125	0.29216
9.23375	0.29218
9.25800	0.29218
9.28224	0.29217
9.30445	0.29217
9.32880	0.29219
9.35278	0.29218
9.37571	0.29217
9.39961	0.29219
9.42236	0.29216
9.44570	0.29218
9.46975	0.29216
9.49339	0.29216
9.51622	0.29217
9.54076	0.29217
9.56418	0.29219
9.58752	0.29218
9.61141	0.29220
9.63442	0.29219
9.65786	0.29219
9.68236	0.29220
9.70509	0.29219
9.72867	0.29220
9.75310	0.29222
9.77605	0.29220
9.79977	0.29221
9.82163	0.29221
9.84462	0.29219
9.86868	0.29220
9.89294	0.29221
9.91525	0.29221
9.93972	0.29221
9.96386	0.29221
9.98671	0.29219
10.01001	0.29219
10.00667	0.29219
9.98458	0.29221
9.96017	0.29219
9.93599	0.29219
9.91327	0.29220
9.88929	0.29218
9.86501	0.29219
9.84248	0.29220
9.81847	0.29217
9.79635	0.29218
9.77366	0.29221
9.74948	0.29221
9.72543	0.29221
9.70255	0.29219
9.67868	0.29220
9.65495	0.29220
9.63175	0.29219
9.60783	0.29220
9.58476	0.29221
9.56140	0.29220
9.53703	0.29220
9.51366	0.29221
9.49055	0.29221
9.46614	0.29221
9.44312	0.29220
9.41936	0.29216
9.39618	0.29218
9.37337	0.29218
9.34951	0.29217
9.32517	0.29216
9.30228	0.29216
9.27873	0.29216
9.25436	0.29215
9.23173	0.29218
9.20782	0.29217
9.18411	0.29216
9.16136	0.29216
9.13717	0.29216
9.11268	0.29216
9.09040	0.29214
9.06620	0.29213
9.04222	0.29214
9.01961	0.29212
8.99543	0.29212
8.97173	0.29213
8.94874	0.29211
8.92512	0.29211
8.90062	0.29211
8.87788	0.29212
8.85342	0.29213
8.82988	0.29211
8.80802	0.29212
8.78473	0.29209
8.76128	0.29210
8.73802	0.29210
8.71347	0.29210
8.69063	0.29210
8.66715	0.29210
8.64290	0.29209
8.61959	0.29209
8.59645	0.29209
8.57238	0.29209
8.54954	0.29209
8.52551	0.29209
8.50120	0.29209
8.47883	0.29206
8.45454	0.29207
8.43045	0.29206
8.40826	0.29204
8.38470	0.29210
8.36040	0.29204
8.33782	0.29206
8.31346	0.29201
8.28957	0.29200
8.26697	0.29207
8.24281	0.29200
8.21865	0.29201
8.19633	0.29204
8.17241	0.29201
8.14853	0.29202
8.12542	0.29201
8.10112	0.29201
8.07801	0.29201
8.05469	0.29201
8.03032	0.29197
8.01087	0.29197
7.99148	0.29197
7.96704	0.29196
7.94400	0.29195
7.92030	0.29195
7.89606	0.29193
7.87318	0.29194
7.84948	0.29194
7.82503	0.29194
7.80429	0.29194
7.78082	0.29193
7.75641	0.29192
7.73371	0.29193
7.70963	0.29191
7.68572	0.29190
7.66297	0.29190
7.63892	0.29189
7.61475	0.29189
7.59257	0.29189
7.56845	0.29188
7.54434	0.29189
7.52144	0.29188
7.49729	0.29186
7.47358	0.29186
7.45079	0.29185
7.42637	0.29185
7.40358	0.29185
7.38088	0.29182
7.35654	0.29182
7.33299	0.29181
7.30977	0.29180
7.28585	0.29179
7.26228	0.29176
7.23916	0.29174
7.21484	0.29173
7.19211	0.29172
7.16873	0.29173
7.14449	0.29172
7.12121	0.29171
7.09764	0.29172
7.07361	0.29170
7.05063	0.29169
7.02682	0.29169
7.00263	0.29167
6.98028	0.29166
6.95611	0.29165
6.93178	0.29164
6.90911	0.29163
6.88516	0.29161
6.86105	0.29161
6.83836	0.29158
6.81437	0.29154
6.79209	0.29152
6.76961	0.29150
6.73135	0.29148
