0.29819	0.28931
0.27516	0.28932
0.25073	0.28936
0.22744	0.28933
0.20399	0.28934
0.18024	0.28939
0.15726	0.28933
0.13381	0.28935
0.10940	0.28935
0.08623	0.28936
0.06301	0.28939
0.03876	0.28936
0.01565	0.28929
0.00229	0.28934
0.02336	0.28935
0.04656	0.28935
0.07015	0.28937
0.09402	0.28936
0.11718	0.28933
0.14082	0.28935
0.16529	0.28931
0.18775	0.28939
0.21116	0.28934
0.23556	0.28930
0.25824	0.28928
0.28210	0.28936
0.30610	0.28937
0.32895	0.28937
0.35317	0.28936
0.37720	0.28934
0.39894	0.28935
0.42288	0.28936
0.44696	0.28936
0.46991	0.28936
0.49360	0.28937
0.51770	0.28934
0.54062	0.28935
0.56490	0.28935
0.58832	0.28931
0.61085	0.28933
0.63526	0.28933
0.65880	0.28934
0.68174	0.28931
0.70586	0.28932
0.72950	0.28931
0.75270	0.28931
0.77699	0.28929
0.79876	0.28933
0.82139	0.28929
0.84559	0.28931
0.86893	0.28929
0.89222	0.28929
0.91639	0.28939
0.93948	0.28934
0.96343	0.28929
0.98721	0.28930
1.00992	0.28929
1.03382	0.28927
1.05806	0.28931
1.08054	0.28927
1.10446	0.28925
1.12904	0.28926
1.15143	0.28924
1.17580	0.28923
1.19938	0.28925
1.22175	0.28921
1.24604	0.28919
1.27015	0.28922
1.29259	0.28923
1.31683	0.28918
1.34068	0.28919
1.36371	0.28920
1.38758	0.28922
1.41010	0.28919
1.43354	0.28921
1.45766	0.28919
1.48109	0.28918
1.50400	0.28918
1.52858	0.28917
1.55182	0.28917
1.57538	0.28915
1.59920	0.28914
1.62201	0.28913
1.64565	0.28912
1.67003	0.28911
1.69260	0.28911
1.71636	0.28908
1.74071	0.28911
1.76352	0.28909
1.78735	0.28909
1.80917	0.28908
1.83213	0.28907
1.85622	0.28909
1.88050	0.28906
1.90271	0.28903
1.92706	0.28903
1.95117	0.28903
1.97417	0.28901
1.99713	0.28900
2.01869	0.28899
2.04150	0.28896
2.06574	0.28897
2.08919	0.28899
2.11221	0.28897
2.13666	0.28895
2.16029	0.28893
2.18312	0.28892
2.20683	0.28890
2.23044	0.28889
2.25358	0.28889
2.27800	0.28886
2.30083	0.28886
2.32446	0.28883
2.34860	0.28881
2.37200	0.28882
2.39498	0.28879
2.41832	0.28877
2.44148	0.28876
2.46528	0.28874
2.48912	0.28874
2.51201	0.28871
2.53619	0.28868
2.56053	0.28867
2.58295	0.28864
2.60642	0.28860
2.63093	0.28857
2.65335	0.28858
2.67768	0.28855
2.70153	0.28853
2.72417	0.28850
2.74839	0.28849
2.77262	0.28845
2.79479	0.28843
2.81696	0.28841
2.84098	0.28836
2.86401	0.28831
2.88786	0.28827
2.91155	0.28825
2.93490	0.28821
2.95906	0.28818
2.98253	0.28814
3.00544	0.28809
3.02955	0.28805
3.05291	0.28799
3.07630	0.28796
3.10033	0.28790
3.12354	0.28787
3.14705	0.28782
3.17153	0.28774
3.19412	0.28766
3.21740	0.28763
3.24185	0.28755
3.26463	0.28750
3.28838	0.28747
3.31226	0.28739
3.33533	0.28732
3.35941	0.28723
3.38352	0.28715
3.40523	0.28706
3.42912	0.28696
3.45263	0.28691
3.47620	0.28681
3.49986	0.28674
3.52412	0.28665
3.54681	0.28654
3.57114	0.28645
3.59472	0.28631
3.61715	0.28621
3.64189	0.28612
3.66543	0.28602
3.68837	0.28592
3.71252	0.28576
3.73611	0.28564
3.75929	0.28556
3.78385	0.28541
3.80539	0.28531
3.82806	0.28518
3.85228	0.28502
3.87553	0.28493
3.89892	0.28479
3.92308	0.28467
3.94612	0.28456
3.97019	0.28448
3.99394	0.28431
4.01355	0.28419
4.03760	0.28405
4.06179	0.28395
4.08426	0.28383
4.10826	0.28369
4.13264	0.28356
4.15516	0.28352
4.17947	0.28342
4.20303	0.28328
4.22559	0.28318
4.24983	0.28309
4.27388	0.28296
4.29631	0.28287
4.32062	0.28275
4.34434	0.28268
4.36748	0.28260
4.39143	0.28254
4.41386	0.28248
4.43724	0.28237
4.46139	0.28231
4.48485	0.28224
4.50790	0.28217
4.53239	0.28215
4.55557	0.28212
4.57915	0.28210
4.60290	0.28210
4.62577	0.28203
4.64945	0.28203
4.67381	0.28203
4.69640	0.28201
4.72012	0.28202
4.74450	0.28204
4.76732	0.28204
4.79109	0.28209
4.81313	0.28213
4.83550	0.28216
4.86009	0.28221
4.88423	0.28226
4.90653	0.28233
4.93098	0.28239
4.95502	0.28249
4.97801	0.28255
5.00165	0.28236
5.02549	0.28275
5.04835	0.28285
5.07270	0.28295
5.09609	0.28305
5.11912	0.28315
5.14356	0.28328
5.16711	0.28339
5.19002	0.28351
5.21376	0.28365
5.23736	0.28374
5.26049	0.28387
5.28492	0.28402
5.30775	0.28414
5.33138	0.28426
5.35560	0.28437
5.37884	0.28450
5.40196	0.28461
5.42531	0.28474
5.44837	0.28485
5.47236	0.28498
5.49615	0.28512
5.51895	0.28526
5.54310	0.28538
5.56745	0.28550
5.58985	0.28561
5.61342	0.28574
5.63781	0.28586
5.66026	0.28597
5.68460	0.28605
5.70840	0.28617
5.73112	0.28629
5.75536	0.28637
5.77950	0.28648
5.80173	0.28657
5.82405	0.28665
5.84793	0.28676
5.87100	0.28684
5.89497	0.28692
5.91846	0.28701
5.94184	0.28708
5.96603	0.28717
5.98952	0.28723
6.01073	0.28729
6.03357	0.28736
6.05704	0.28743
6.08034	0.28749
6.10436	0.28757
6.12770	0.28762
6.15106	0.28768
6.17563	0.28773
6.19826	0.28779
6.22141	0.28784
6.24585	0.28787
6.26876	0.28793
6.29239	0.28796
6.31634	0.28800
6.33949	0.28806
6.36338	0.28810
6.38758	0.28814
6.40931	0.28817
6.43332	0.28821
6.45742	0.28825
6.48023	0.28828
6.50390	0.28831
6.52834	0.28835
6.55091	0.28837
6.57532	0.28840
6.59894	0.28843
6.62132	0.28846
6.64569	0.28840
6.66951	0.28851
6.69223	0.28854
6.71627	0.28857
6.74021	0.28857
6.76319	0.28858
6.78758	0.28863
6.80959	0.28865
6.83186	0.28867
6.85617	0.28868
6.87962	0.28870
6.90274	0.28871
6.92703	0.28874
6.95029	0.28876
6.97384	0.28878
6.99790	0.28880
7.02085	0.28879
7.04458	0.28882
7.06880	0.28883
7.09147	0.28885
7.11518	0.28886
7.13970	0.28887
7.16219	0.28889
7.18660	0.28890
7.20936	0.28891
7.23248	0.28893
7.25678	0.28894
7.28103	0.28894
7.30333	0.28895
7.32751	0.28897
7.35173	0.28898
7.37449	0.28897
7.39834	0.28899
7.42121	0.28902
7.44439	0.28903
7.46843	0.28906
7.49218	0.28905
7.51494	0.28906
7.53942	0.28908
7.56286	0.28908
7.58618	0.28910
7.61000	0.28912
7.63314	0.28912
7.65650	0.28912
7.68098	0.28912
7.70375	0.28911
7.72729	0.28912
7.75170	0.28913
7.77471	0.28915
7.79815	0.28914
7.82021	0.28916
7.84333	0.28916
7.86706	0.28917
7.89136	0.28917
7.91386	0.28917
7.93809	0.28918
7.96236	0.28920
7.98511	0.28918
8.00722	0.28918
8.02523	0.28922
8.04776	0.28921
8.07211	0.28920
8.09583	0.28923
8.11855	0.28922
8.14304	0.28923
8.16693	0.28924
8.18958	0.28925
8.21331	0.28927
8.23714	0.28927
8.26018	0.28928
8.28443	0.28927
8.30760	0.28928
8.33089	0.28929
8.35520	0.28928
8.37876	0.28929
8.40158	0.28930
8.42499	0.28930
8.44841	0.28930
8.47189	0.28929
8.49592	0.28932
8.51898	0.28933
8.54281	0.28934
8.56711	0.28934
8.58992	0.28935
8.61321	0.28935
8.63752	0.28934
8.66025	0.28936
8.68439	0.28936
8.70824	0.28937
8.73089	0.28935
8.75519	0.28936
8.77954	0.28938
8.80181	0.28937
8.82403	0.28936
8.84825	0.28939
8.87095	0.28938
8.89492	0.28939
8.91883	0.28938
8.94188	0.28937
8.96604	0.28939
8.98964	0.28938
9.01232	0.28939
9.03640	0.28941
9.06002	0.28939
9.08328	0.28940
9.10718	0.28939
9.13083	0.28939
9.15397	0.28940
9.17839	0.28937
9.20147	0.28940
9.22426	0.28941
9.24887	0.28941
9.27208	0.28941
9.29522	0.28941
9.31941	0.28942
9.34279	0.28940
9.36628	0.28940
9.39054	0.28940
9.41269	0.28938
9.43621	0.28934
9.46039	0.28942
9.48340	0.28941
9.50693	0.28941
9.53134	0.28941
9.55397	0.28941
9.57830	0.28942
9.60213	0.28943
9.62427	0.28943
9.64879	0.28943
9.67290	0.28945
9.69539	0.28941
9.71938	0.28942
9.74359	0.28944
9.76634	0.28945
9.79061	0.28945
9.81317	0.28945
9.83514	0.28945
9.85938	0.28944
9.88325	0.28945
9.90590	0.28946
9.93035	0.28945
9.95390	0.28946
9.97717	0.28946
10.00130	0.28946
10.01316	0.28945
9.99121	0.28946
9.96665	0.28943
9.94371	0.28947
9.91984	0.28946
9.89576	0.28943
9.87287	0.28943
9.84910	0.28944
9.82469	0.28943
9.80394	0.28945
9.78036	0.28944
9.75606	0.28943
9.73328	0.28942
9.70911	0.28943
9.68524	0.28945
9.66244	0.28944
9.63828	0.28944
9.61403	0.28945
9.59200	0.28945
9.56786	0.28945
9.54387	0.28944
9.52076	0.28944
9.49663	0.28945
9.47305	0.28943
9.45015	0.28944
9.42566	0.28944
9.40307	0.28945
9.38032	0.28945
9.35592	0.28944
9.33242	0.28944
9.30912	0.28944
9.28526	0.28943
9.26174	0.28942
9.23845	0.28943
9.21406	0.28942
9.19151	0.28941
9.16807	0.28942
9.14382	0.28941
9.12051	0.28942
9.09687	0.28942
9.07280	0.28941
9.04996	0.28941
9.02601	0.28939
9.00195	0.28939
8.97954	0.28939
8.95525	0.28938
8.93110	0.28938
8.90834	0.28939
8.88440	0.28937
8.86012	0.28939
8.83753	0.28938
8.81354	0.28937
8.79130	0.28937
8.76879	0.28937
8.74457	0.28935
8.72040	0.28935
8.69762	0.28936
8.67370	0.28936
8.64985	0.28935
8.62673	0.28934
8.60283	0.28935
8.57971	0.28933
8.55640	0.28934
8.53208	0.28932
8.50857	0.28931
8.48563	0.28933
8.46124	0.28932
8.43804	0.28932
8.41438	0.28931
8.39121	0.28930
8.36826	0.28930
8.34455	0.28930
8.32028	0.28927
8.29732	0.28929
8.27384	0.28929
8.24951	0.28928
8.22673	0.28928
8.20367	0.28925
8.17921	0.28925
8.15640	0.28924
8.13226	0.28924
8.10778	0.28925
8.08557	0.28922
8.06137	0.28924
8.03727	0.28923
8.01492	0.28924
7.99822	0.28926
7.97449	0.28923
7.95173	0.28921
7.92720	0.28922
7.90344	0.28917
7.88073	0.28917
7.85642	0.28915
7.83280	0.28914
7.81098	0.28918
7.78779	0.28917
7.76420	0.28919
7.74115	0.28920
7.71658	0.28916
7.69359	0.28917
7.67021	0.28915
7.64594	0.28909
7.62270	0.28911
7.59958	0.28911
7.57552	0.28911
7.55256	0.28911
7.52871	0.28908
7.50429	0.28910
7.48194	0.28900
7.45781	0.28897
7.43361	0.28900
7.41148	0.28897
7.38799	0.28901
7.36375	0.28904
7.34116	0.28914
7.31680	0.28911
7.29283	0.28901
7.27036	0.28897
7.24627	0.28896
7.22199	0.28900
7.19969	0.28888
7.17585	0.28888
7.15185	0.28890
7.12896	0.28896
7.10451	0.28893
7.08136	0.28896
7.05808	0.28885
7.03380	0.28877
7.01061	0.28881
6.98757	0.28883
6.96319	0.28886
6.93995	0.28886
6.91621	0.28881
6.89212	0.28882
6.86920	0.28880
6.84554	0.28881
6.82118	0.28872
6.80029	0.28871
6.77698	0.28869
6.75267	0.28865
6.72971	0.28865
6.70571	0.28860
6.68183	0.28859
6.65907	0.28854
6.63498	0.28852
6.61067	0.28850
6.58873	0.28845
6.56449	0.28845
6.54031	0.28838
6.51756	0.28835
6.49339	0.28834
6.46959	0.28829
6.44688	0.28826
6.42242	0.28823
6.39960	0.28821
6.37703	0.28815
6.35267	0.28811
6.32900	0.28808
6.30591	0.28802
6.28205	0.28798
6.25837	0.28792
6.23531	0.28790
6.21091	0.28775
6.18817	0.28778
6.16486	0.28774
6.14051	0.28770
6.11721	0.28764
6.09376	0.28756
6.06977	0.28746
6.04671	0.28753
6.02299	0.28736
6.00148	0.28731
5.97909	0.28730
5.95499	0.28721
5.93080	0.28712
5.90802	0.28709
5.88414	0.28694
5.85989	0.28693
5.83727	0.28686
5.81340	0.28671
5.79113	0.28672
5.76865	0.28649
5.74443	0.28634
5.72011	0.28627
5.69753	0.28621
5.67364	0.28629
5.64960	0.28595
5.62672	0.28590
5.60276	0.28575
5.57958	0.28565
5.55622	0.28555
5.53206	0.28538
5.50838	0.28528
5.48568	0.28517
5.46116	0.28503
5.43792	0.28493
5.41449	0.28478
5.39128	0.28467
5.36822	0.28453
5.34469	0.28443
5.32032	0.28428
5.29730	0.28415
5.27477	0.28405
5.24969	0.28392
5.22670	0.28383
5.20386	0.28370
5.17946	0.28358
5.15646	0.28346
5.13253	0.28334
5.10806	0.28324
5.08589	0.28311
5.06173	0.28303
5.03754	0.28294
5.01498	0.28281
4.99118	0.28276
4.96737	0.28267
4.94466	0.28257
4.92033	0.28249
4.89609	0.28243
4.87381	0.28236
4.84939	0.28231
4.82543	0.28226
4.80386	0.28222
4.78090	0.28217
4.75685	0.28216
4.73403	0.28213
4.70954	0.28210
4.68621	0.28209
4.66325	0.28208
4.63892	0.28209
4.61527	0.28208
4.59265	0.28211
4.56852	0.28213
4.54523	0.28216
4.52173	0.28219
4.49742	0.28221
4.47471	0.28227
4.45087	0.28231
4.42669	0.28237
4.40413	0.28241
4.38119	0.28247
4.35688	0.28255
4.33406	0.28261
4.30984	0.28269
4.28590	0.28277
4.26349	0.28287
4.23943	0.28295
4.21492	0.28305
4.19279	0.28314
4.16898	0.28326
4.14472	0.28336
4.12208	0.28348
4.09767	0.28360
4.07418	0.28370
4.05117	0.28382
4.02693	0.28393
4.00481	0.28405
3.98380	0.28417
3.95955	0.28430
3.93591	0.28442
3.91253	0.28454
3.88846	0.28468
3.86511	0.28481
3.84195	0.28492
3.81738	0.28505
3.79630	0.28518
3.77329	0.28528
3.74886	0.28544
3.72571	0.28554
3.70216	0.28565
3.67823	0.28577
3.65501	0.28591
3.63141	0.28602
3.60711	0.28614
3.58484	0.28627
3.56092	0.28635
3.53679	0.28646
3.51388	0.28655
3.48984	0.28666
3.46589	0.28678
3.44332	0.28684
3.41906	0.28692
3.39578	0.28702
3.37352	0.28712
3.34916	0.28721
3.32508	0.28727
3.30236	0.28737
3.27855	0.28744
3.25447	0.28751
3.23164	0.28757
3.20733	0.28764
3.18424	0.28769
3.16131	0.28775
3.13711	0.28782
3.11335	0.28786
3.09025	0.28793
3.06630	0.28798
3.04284	0.28803
3.01948	0.28807
2.99541	0.28811
2.97261	0.28818
2.94884	0.28823
2.92470	0.28828
2.90141	0.28832
2.87807	0.28833
2.85383	0.28838
2.83091	0.28840
2.80722	0.28843
2.78498	0.28848
2.76244	0.28850
2.73840	0.28853
2.71387	0.28855
2.69141	0.28858
2.66755	0.28860
2.64323	0.28862
2.62065	0.28865
2.59681	0.28867
2.57307	0.28869
2.55023	0.28871
2.52608	0.28872
2.50193	0.28875
2.47939	0.28878
2.45530	0.28878
2.43153	0.28879
2.40829	0.28880
2.38515	0.28884
2.36183	0.28886
2.33879	0.28889
2.31430	0.28891
2.29084	0.28892
2.26799	0.28893
2.24348	0.28895
2.22029	0.28895
2.19717	0.28896
2.17336	0.28899
2.15004	0.28901
2.12655	0.28902
2.10218	0.28903
2.07944	0.28904
2.05566	0.28904
2.03156	0.28905
2.00875	0.28906
1.98785	0.28907
1.96399	0.28908
1.94125	0.28909
1.91691	0.28912
1.89267	0.28914
1.87040	0.28913
1.84607	0.28914
1.82183	0.28914
1.80051	0.28915
1.77750	0.28916
1.75338	0.28916
1.73066	0.28918
1.70625	0.28918
1.68269	0.28917
1.65987	0.28920
1.63564	0.28921
1.61182	0.28921
1.58926	0.28921
1.56531	0.28920
1.54176	0.28921
1.51842	0.28923
1.49402	0.28924
1.47120	0.28927
1.44756	0.28929
1.42333	0.28929
1.40058	0.28929
1.37794	0.28929
1.35365	0.28928
1.33066	0.28930
1.30664	0.28931
1.28262	0.28931
1.26004	0.28932
1.23612	0.28932
1.21163	0.28932
1.18950	0.28933
1.16575	0.28933
1.14148	0.28932
1.11886	0.28933
1.09440	0.28933
1.07073	0.28934
1.04777	0.28934
1.02336	0.28936
0.99985	0.28937
0.97716	0.28936
0.95292	0.28937
0.92928	0.28937
0.90590	0.28937
0.88182	0.28939
0.85854	0.28939
0.83529	0.28940
0.81082	0.28939
0.78966	0.28940
0.76672	0.28940
0.74226	0.28941
0.71909	0.28940
0.69551	0.28941
0.67171	0.28940
0.64846	0.28941
0.62475	0.28941
0.60052	0.28940
0.57829	0.28942
0.55440	0.28942
0.53032	0.28941
0.50726	0.28943
0.48329	0.28943
0.45940	0.28942
0.43682	0.28943
0.41248	0.28944
0.38918	0.28944
0.36694	0.28944
0.34266	0.28946
0.31849	0.28945
0.29576	0.28945
0.27204	0.28946
0.24795	0.28947
0.22516	0.28945
0.20080	0.28946
0.17777	0.28945
0.15482	0.28945
0.13059	0.28946
0.10682	0.28944
0.08373	0.28945
0.05972	0.28945
0.03638	0.28944
0.01301	0.28945
0.00388	0.28946
0.02599	0.28945
0.04902	0.28946
0.07334	0.28945
0.09644	0.28945
0.11983	0.28947
0.14413	0.28945
0.16763	0.28946
0.19049	0.28946
0.21448	0.28945
0.23760	0.28946
0.26124	0.28945
0.28522	0.28946
0.30798	0.28946
0.33201	0.28945
0.35627	0.28945
0.37893	0.28943
0.40189	0.28942
0.42607	0.28942
0.44861	0.28942
0.47295	0.28942
0.49675	0.28943
0.51941	0.28942
0.54358	0.28942
0.56806	0.28942
0.59025	0.28940
0.61399	0.28941
0.63815	0.28939
0.66090	0.28941
0.68494	0.28940
0.70859	0.28939
0.73181	0.28941
0.75596	0.28939
0.77961	0.28941
0.80084	0.28939
0.82464	0.28936
0.84803	0.28938
0.87145	0.28935
0.89541	0.28938
0.91874	0.28934
0.94227	0.28938
0.96674	0.28937
0.98942	0.28935
1.01284	0.28936
1.03696	0.28933
1.06007	0.28935
1.08357	0.28933
1.10762	0.28936
1.13080	0.28936
1.15464	0.28931
1.17885	0.28936
1.20088	0.28931
1.22497	0.28931
1.24918	0.28933
1.27200	0.28931
1.29569	0.28931
1.31997	0.28929
1.34258	0.28929
1.36684	0.28928
1.39053	0.28927
1.41220	0.28926
1.43674	0.28926
1.46056	0.28925
1.48334	0.28925
1.50726	0.28924
1.53126	0.28925
1.55425	0.28924
1.57856	0.28923
1.60147	0.28923
1.62449	0.28921
1.64882	0.28922
1.67241	0.28922
1.69529	0.28920
1.71971	0.28910
1.74288	0.28919
1.76646	0.28919
1.79040	0.28916
1.81118	0.28917
1.83520	0.28916
1.85944	0.28916
1.88211	0.28915
1.90536	0.28913
1.92984	0.28909
