8.61021	0.29212
8.63418	0.29221
8.65843	0.29218
8.68120	0.29215
8.70497	0.29214
8.72924	0.29214
8.75186	0.29218
8.77623	0.29216
8.80002	0.29216
8.82062	0.29207
8.84507	0.29208
8.86903	0.29209
8.89175	0.29220
8.91564	0.29215
8.93985	0.29215
8.96270	0.29225
8.98705	0.29225
9.01053	0.29216
9.03333	0.29230
9.05759	0.29226
9.08130	0.29228
9.10408	0.29224
9.12858	0.29222
9.15185	0.29225
9.17488	0.29226
9.19903	0.29226
9.22181	0.29228
9.24532	0.29228
9.26978	0.29226
9.29273	0.29226
9.31605	0.29223
9.34045	0.29222
9.36347	0.29227
9.38726	0.29220
9.41083	0.29224
9.43314	0.29226
9.45707	0.29224
9.48145	0.29224
9.50392	0.29223
9.52731	0.29226
9.55244	0.29223
9.57494	0.29224
9.59900	0.29223
9.62260	0.29226
9.64544	0.29223
9.66965	0.29222
9.69372	0.29227
9.71617	0.29222
9.74046	0.29227
9.76435	0.29228
9.78759	0.29225
9.81075	0.29225
9.83302	0.29225
9.85610	0.29225
9.88044	0.29224
9.90372	0.29227
9.92692	0.29225
9.95145	0.29227
9.97479	0.29228
9.99732	0.29226
10.01427	0.29230
9.99468	0.29227
9.97120	0.29227
9.94690	0.29226
9.92363	0.29224
9.89997	0.29229
9.87595	0.29227
9.85303	0.29227
9.82896	0.29227
9.80676	0.29227
9.78449	0.29226
9.76025	0.29228
9.73607	0.29229
9.71333	0.29229
9.68956	0.29227
9.66515	0.29228
9.64265	0.29226
9.61836	0.29228
9.59474	0.29229
9.57221	0.29225
9.54796	0.29228
9.52412	0.29227
9.50135	0.29227
9.47747	0.29227
9.45340	0.29226
9.43051	0.29226
9.40710	0.29225
9.38388	0.29225
9.36055	0.29225
9.33632	0.29224
9.31271	0.29224
9.28995	0.29224
9.26559	0.29222
9.24223	0.29225
9.21882	0.29223
9.19499	0.29224
9.17200	0.29224
9.14854	0.29223
9.12405	0.29223
9.10098	0.29221
9.07769	0.29224
9.05326	0.29222
9.03032	0.29220
9.00666	0.29225
8.98279	0.29223
8.95975	0.29223
8.93577	0.29222
8.91135	0.29221
8.88905	0.29218
8.86492	0.29218
8.84072	0.29221
8.81775	0.29220
8.79579	0.29220
8.77185	0.29220
8.74928	0.29219
8.72490	0.29219
8.70089	0.29217
8.67842	0.29216
8.65400	0.29217
8.63017	0.29217
8.60737	0.29217
8.58364	0.29216
8.55991	0.29215
8.53688	0.29214
8.51236	0.29213
8.48913	0.29213
8.46602	0.29211
8.44165	0.29213
8.41819	0.29211
8.39585	0.29213
8.37176	0.29213
8.34862	0.29212
8.32496	0.29212
8.30075	0.29210
8.27805	0.29211
8.25407	0.29211
8.22991	0.29210
8.20723	0.29210
8.18379	0.29209
8.15943	0.29210
8.13692	0.29211
8.11248	0.29211
8.08841	0.29211
8.06601	0.29212
8.04174	0.29209
8.01759	0.29209
8.00267	0.29210
7.97875	0.29209
7.95461	0.29209
7.93178	0.29210
7.90751	0.29208
7.88400	0.29209
7.86077	0.29207
7.83662	0.29206
7.81377	0.29205
7.79226	0.29205
7.76795	0.29204
7.74451	0.29203
7.72114	0.29203
7.69695	0.29203
7.67383	0.29203
7.65055	0.29202
7.62602	0.29201
7.60330	0.29200
7.58009	0.29200
7.55573	0.29199
7.53275	0.29199
7.50888	0.29197
7.48499	0.29195
7.46191	0.29195
7.43811	0.29193
7.41399	0.29193
7.39231	0.29192
7.36819	0.29193
7.34412	0.29191
7.32122	0.29189
7.29714	0.29189
7.27319	0.29188
7.25066	0.29190
7.22632	0.29187
7.20262	0.29188
7.18034	0.29187
7.15592	0.29185
7.13204	0.29185
7.10904	0.29185
7.08515	0.29184
7.06137	0.29183
7.03839	0.29181
7.01424	0.29180
6.99082	0.29180
6.96774	0.29178
6.94350	0.29177
6.91991	0.29176
6.89655	0.29175
6.87248	0.29175
6.84925	0.29172
6.82573	0.29170
6.80333	0.29169
6.78077	0.29167
6.75695	0.29168
6.73279	0.29166
6.70980	0.29164
6.68628	0.29164
6.66193	0.29161
6.63928	0.29158
6.61502	0.29157
6.59130	0.29156
6.56906	0.29154
6.54483	0.29151
6.52038	0.29149
6.49774	0.29147
6.47395	0.29146
6.44961	0.29142
6.42697	0.29140
6.40357	0.29137
6.38020	0.29135
6.35711	0.29132
6.33293	0.29130
6.30900	0.29126
6.28635	0.29123
6.26212	0.29120
6.23862	0.29116
6.21524	0.29113
6.19156	0.29110
6.16837	0.29108
6.14510	0.29105
6.12058	0.29101
6.09738	0.29097
6.07429	0.29093
6.04978	0.29088
6.02677	0.29084
6.00531	0.29081
5.98225	0.29076
5.95903	0.29070
5.93519	0.29066
5.91080	0.29061
5.88825	0.29056
5.86433	0.29051
5.84015	0.29045
5.81718	0.29039
5.79532	0.29032
5.77138	0.29027
5.74884	0.29020
5.72450	0.29013
5.70027	0.29006
5.67801	0.28998
5.65366	0.28990
5.62964	0.28983
5.60710	0.28975
5.58340	0.28966
5.55944	0.28959
5.53648	0.28949
5.51212	0.28939
5.48872	0.28929
5.46573	0.28920
5.44145	0.28904
5.41777	0.28899
5.39569	0.28888
5.37151	0.28877
5.34823	0.28865
5.32480	0.28853
5.30048	0.28842
5.27777	0.28829
5.25397	0.28819
5.22977	0.28808
5.20689	0.28794
5.18371	0.28785
5.15932	0.28769
5.13659	0.28758
5.11249	0.28743
5.08833	0.28729
5.06596	0.28717
5.04180	0.28705
5.01762	0.28668
4.99508	0.28678
4.97134	0.28668
4.94692	0.28655
4.92422	0.28644
4.90000	0.28631
4.87635	0.28621
4.85332	0.28607
4.82918	0.28597
4.80604	0.28585
4.78473	0.28577
4.76044	0.28567
4.73682	0.28558
4.71350	0.28549
4.68951	0.28540
4.66624	0.28532
4.64304	0.28524
4.61848	0.28517
4.59564	0.28513
4.57262	0.28506
4.54807	0.28500
4.52507	0.28496
4.50142	0.28493
4.47753	0.28490
4.45428	0.28487
4.43072	0.28485
4.40651	0.28484
4.38464	0.28484
4.36079	0.28484
4.33662	0.28485
4.31366	0.28486
4.28973	0.28489
4.26582	0.28493
4.24317	0.28495
4.21885	0.28500
4.19516	0.28505
4.17287	0.28510
4.14849	0.28515
4.12442	0.28522
4.10169	0.28526
4.07775	0.28537
4.05371	0.28544
4.03093	0.28552
4.00763	0.28562
3.98642	0.28570
3.96344	0.28580
3.93927	0.28591
3.91548	0.28599
3.89231	0.28611
3.86830	0.28621
3.84485	0.28632
3.82149	0.28644
3.79897	0.28654
3.77644	0.28668
3.75281	0.28680
3.72857	0.28692
3.70543	0.28704
3.68211	0.28716
3.65773	0.28729
3.63495	0.28741
3.61093	0.28755
3.58733	0.28767
3.56473	0.28778
3.54068	0.28790
3.51625	0.28803
3.49365	0.28814
3.46984	0.28829
3.44554	0.28841
3.42287	0.28852
3.39939	0.28864
3.37591	0.28876
3.35309	0.28888
3.32880	0.28898
3.30475	0.28910
3.28226	0.28921
3.25810	0.28930
3.23439	0.28940
3.21105	0.28949
3.18751	0.28958
3.16415	0.28967
3.14108	0.28975
3.11658	0.28985
3.09309	0.28993
3.07024	0.29002
3.04574	0.29008
3.02255	0.29015
2.99942	0.29023
2.97542	0.29031
2.95219	0.29038
2.92866	0.29045
2.90415	0.29051
2.88139	0.29056
2.85770	0.29061
2.83352	0.29066
2.81040	0.29071
2.78872	0.29076
2.76472	0.29081
2.74216	0.29085
2.71783	0.29089
2.69356	0.29093
2.67145	0.29097
2.64705	0.29100
2.62290	0.29105
2.60054	0.29109
2.57678	0.29113
2.55266	0.29116
2.52991	0.29118
2.50554	0.29122
2.48191	0.29125
2.45908	0.29128
2.43486	0.29131
2.41100	0.29136
2.38903	0.29136
2.36499	0.29139
2.34146	0.29143
2.31824	0.29144
2.29389	0.29144
2.27101	0.29148
2.24738	0.29151
2.22313	0.29154
2.20016	0.29156
2.17723	0.29158
2.15293	0.29161
2.12993	0.29161
2.10595	0.29163
2.08183	0.29165
2.05927	0.29167
2.03528	0.29170
2.01104	0.29170
1.99151	0.29172
1.96776	0.29174
1.94341	0.29174
1.92076	0.29175
1.89649	0.29177
1.87268	0.29176
1.84978	0.29178
1.82569	0.29180
1.80230	0.29181
1.78124	0.29183
1.75702	0.29184
1.73317	0.29185
1.70999	0.29186
1.68601	0.29187
1.66255	0.29188
1.63950	0.29189
1.61504	0.29190
1.59201	0.29191
1.56923	0.29192
1.54485	0.29193
1.52142	0.29193
1.49796	0.29194
1.47396	0.29194
1.45070	0.29195
1.42728	0.29195
1.40321	0.29196
1.38108	0.29197
1.35742	0.29197
1.33324	0.29199
1.31010	0.29199
1.28635	0.29199
1.26242	0.29199
1.23970	0.29199
1.21558	0.29200
1.19176	0.29201
1.16953	0.29201
1.14515	0.29201
1.12098	0.29202
1.09831	0.29204
1.07445	0.29205
1.05025	0.29206
1.02762	0.29208
1.00368	0.29207
0.97985	0.29209
0.95706	0.29209
0.93287	0.29207
0.90886	0.29209
0.88585	0.29208
0.86204	0.29207
0.83834	0.29209
0.81515	0.29208
0.79265	0.29211
0.76995	0.29211
0.74647	0.29212
0.72209	0.29212
0.69886	0.29211
0.67582	0.29210
0.65140	0.29211
0.62844	0.29211
0.60460	0.29213
0.58100	0.29214
0.55822	0.29213
0.53433	0.29214
0.51001	0.29214
0.48718	0.29215
0.46361	0.29217
0.43923	0.29215
0.41659	0.29216
0.39305	0.29216
0.36963	0.29215
0.34675	0.29216
0.32263	0.29217
0.29828	0.29218
0.27610	0.29218
0.25175	0.29218
0.22850	0.29219
0.20480	0.29220
0.18130	0.29220
0.15770	0.29220
0.13472	0.29221
0.11032	0.29220
0.08670	0.29222
0.06402	0.29221
0.03952	0.29221
0.01611	0.29221
0.00173	0.29222
0.02234	0.29221
0.04594	0.29220
0.06922	0.29220
0.09304	0.29220
0.11665	0.29220
0.13985	0.29220
0.16424	0.29220
0.18726	0.29219
0.21009	0.29220
0.23464	0.29220
0.25773	0.29219
0.28104	0.29218
0.30503	0.29217
0.32835	0.29218
0.35201	0.29216
0.37627	0.29216
0.39815	0.29216
0.42187	0.29215
0.44604	0.29214
0.46892	0.29213
0.49263	0.29212
0.51685	0.29213
0.53954	0.29213
0.56387	0.29212
0.58765	0.29211
0.60964	0.29212
0.63412	0.29212
0.65828	0.29211
0.68086	0.29210
0.70475	0.29209
0.72889	0.29210
0.75173	0.29210
0.77606	0.29209
0.79834	0.29210
0.82039	0.29208
0.84464	0.29209
0.86841	0.29208
0.89113	0.29207
0.91555	0.29208
0.93894	0.29208
0.96237	0.29208
0.98643	0.29207
1.00941	0.29206
1.03294	0.29206
1.05712	0.29205
1.08009	0.29205
1.10353	0.29205
1.12800	0.29204
1.15080	0.29204
1.17474	0.29203
1.19845	0.29201
1.22093	0.29201
1.24497	0.29200
1.26945	0.29199
1.29164	0.29198
1.31579	0.29197
1.34010	0.29196
1.36263	0.29197
1.38667	0.29195
1.40960	0.29193
1.43259	0.29192
1.45671	0.29190
1.48059	0.29190
1.50321	0.29190
1.52760	0.29190
1.55127	0.29190
1.57441	0.29188
1.59816	0.29188
1.62152	0.29188
1.64461	0.29186
1.66906	0.29185
1.69211	0.29185
1.71528	0.29183
1.73989	0.29183
1.76308	0.29181
1.78638	0.29180
1.80841	0.29180
1.83160	0.29178
1.85517	0.29177
1.87942	0.29176
1.90205	0.29174
1.92611	0.29174
1.95032	0.29171
1.97334	0.29170
1.99631	0.29169
2.01790	0.29168
2.04051	0.29167
2.06488	0.29166
2.08795	0.29164
2.11129	0.29163
2.13568	0.29161
2.15985	0.29160
2.18231	0.29158
2.20589	0.29155
2.23007	0.29153
2.25275	0.29149
2.27711	0.29148
2.30046	0.29145
2.32355	0.29142
2.34777	0.29142
2.37153	0.29139
2.39411	0.29136
2.41761	0.29135
2.44106	0.29131
2.46442	0.29128
2.48841	0.29125
2.51162	0.29122
2.53520	0.29119
2.55954	0.29115
2.58256	0.29112
2.60556	0.29107
2.62986	0.29103
2.65275	0.29099
2.67670	0.29094
2.70057	0.29090
2.72341	0.29086
2.74742	0.29082
2.77088	0.29076
2.79402	0.29072
2.81609	0.29068
2.84045	0.29061
2.86306	0.29057
2.88707	0.29050
2.91115	0.29043
2.93402	0.29037
2.95817	0.29029
2.98214	0.29022
3.00470	0.29014
3.02871	0.29007
3.05246	0.28999
3.07566	0.28990
3.09942	0.28982
3.12320	0.28975
3.14621	0.28965
3.17066	0.28955
3.19373	0.28946
3.21650	0.28935
3.24106	0.28924
3.26428	0.28915
3.28743	0.28902
3.31163	0.28891
3.33488	0.28882
3.35840	0.28869
3.38264	0.28858
3.40476	0.28846
3.42829	0.28835
3.45236	0.28823
3.47550	0.28812
3.49898	0.28798
3.52344	0.28786
3.54580	0.28775
3.56987	0.28764
3.59379	0.28751
3.61588	0.28737
3.64025	0.28724
3.66457	0.28712
3.68685	0.28700
3.71081	0.28685
3.73520	0.28673
3.75784	0.28661
3.78217	0.28649
3.80483	0.28640
3.82651	0.28630
3.85064	0.28618
3.87479	0.28608
3.89758	0.28595
3.92201	0.28586
3.94559	0.28575
3.96887	0.28567
3.99292	0.28558
4.01299	0.28548
4.03631	0.28542
4.06060	0.28534
4.08366	0.28527
4.10698	0.28519
4.13138	0.28513
4.15440	0.28507
4.17822	0.28502
4.20199	0.28498
4.22459	0.28495
4.24855	0.28492
4.27296	0.28488
4.29518	0.28487
4.31924	0.28486
4.34352	0.28485
4.36622	0.28486
4.39022	0.28486
4.41318	0.28487
4.43620	0.28490
4.46022	0.28493
4.48431	0.28497
4.50673	0.28501
4.53115	0.28507
4.55497	0.28511
4.57802	0.28517
4.60172	0.28524
4.62535	0.28531
4.66271	0.28537
