$SPEC_ID:
Tme calibration 1.9952 +- 1 MHz 125nS pulser pulse length
$SPEC_REM:
DET# 1
DETDESC# CASENSL5 Easy-MCA-2k SN 14163588
AP# Maestro Version 7.01
$DATE_MEA:
03/18/2017 13:45:04
$MEAS_TIM:
160843 160846
$DATA:
0 2047
       0
       0
  168432
   24530
       0
       3
       8
      50
    4921
    9936
   10317
    8856
    8431
    8353
    8401
    7522
    7425
    7083
    6520
    6391
    6140
    5860
    5483
    5445
    5174
    4997
    4993
    4777
    4566
    4233
    4141
    4069
    3834
    3620
    3482
    3286
    3163
    3111
    2850
    2775
    2798
    2537
    2637
    2553
    2349
    2331
    2235
    2209
    2119
    2039
    1951
    2010
    1971
    1909
    1840
    1794
    1782
    1751
    1645
    1664
    1610
    1630
    1604
    1558
    1588
    1554
    1525
    1536
    1572
    1480
    1559
    1438
    1435
    1404
    1459
    1415
    1516
    1382
    1370
    1305
    1346
    1320
    1309
    1250
    1224
    1204
    1197
    1201
    1169
    1185
    1143
    1134
    1047
    1047
    1081
    1107
    1041
    1013
    1031
    1015
     952
     941
     969
     926
     917
     935
     902
     885
     819
     838
     803
     858
     893
     817
     802
     759
     809
     726
     764
     736
     743
     727
     701
     725
     762
     713
     704
     730
     661
     710
     691
     687
     634
     663
     630
     666
     660
     632
     589
     641
     641
     639
     591
     624
     606
     587
     596
     576
     561
     578
     563
     561
     549
     597
     523
     518
     513
     554
     514
     541
     521
     495
     510
     508
     508
     488
     496
     495
     476
     469
     471
     485
     470
     463
     474
     436
     457
     413
     458
     436
     447
     397
     413
     446
     448
     448
     448
     377
     446
     414
     392
     428
     426
     405
     396
     385
     364
     362
     411
     385
     375
     384
     413
     421
     381
     395
     398
     374
     375
     344
     352
     353
     362
     376
     379
     353
     328
     365
     388
     393
     322
     349
     361
     344
     338
     334
     367
     339
     322
     356
     329
     312
     338
     316
     340
     319
     349
     310
     314
     324
     306
     306
     322
     286
     304
     309
     308
     306
     301
     316
     294
     318
     301
     313
     313
     302
     302
     287
     301
     305
     291
     315
     278
     282
     304
     292
     313
     293
     289
     280
     252
     259
     244
     276
     282
     272
     268
     267
     285
     244
     264
     239
     239
     255
     266
     260
     234
     263
     254
     258
     227
     250
     252
     261
     254
     218
     244
     263
     243
     270
     249
     245
     246
     273
     228
     231
     228
     251
     231
     223
     213
     231
     210
     239
     217
     234
     240
     207
     231
     238
     253
     207
     224
     226
     233
     214
     210
     213
     201
     210
     202
     203
     191
     213
     189
     208
     203
     215
     209
     195
     186
     197
     187
     171
     186
     211
     180
     191
     179
     187
     199
     150
     174
     215
     188
     169
     163
     169
     180
     179
     180
     154
     165
     166
     171
     172
     151
     156
     151
     173
     178
     179
     157
     174
     135
     160
     174
     158
     157
     156
     153
     187
     166
     138
     161
     166
     152
     160
     144
     172
     143
     143
     148
     158
     139
     168
     143
     149
     144
     141
     159
     147
     158
     127
     142
     134
     134
     129
     148
     129
     148
     148
     143
     129
     140
     141
     113
     130
     127
     116
     117
     125
     108
     124
     146
     127
     134
     125
     143
     130
     113
     122
     138
     136
     100
     119
     127
     110
     106
     121
     111
     127
     126
     122
     115
     122
     109
     135
     121
     121
     116
     116
     124
      91
     131
     138
     107
     111
     107
     122
     112
      99
     123
     116
      86
     122
     126
     106
     111
     125
     110
     121
     112
     111
     117
     101
     113
     115
     104
     109
      93
     111
     110
     114
     100
     120
     112
      93
     101
      82
     120
      94
     105
      87
     110
      92
      99
     116
      88
     109
     108
      98
     114
      87
      89
      95
      92
     105
     110
      92
      95
      87
     101
      96
      82
     100
      92
      98
      85
     101
     110
      89
      90
     100
      88
     106
      96
      89
     102
      88
     100
      86
      93
      94
      96
      76
      95
      85
      80
      89
      97
      78
      87
     102
      97
      81
      94
      98
      94
      80
      88
      91
      77
      91
      84
      78
      91
      89
      89
      83
      96
      96
      68
      79
     104
      95
      81
      65
      85
      67
      91
      91
      89
      94
      75
      79
      81
      90
      72
      83
      78
      79
      69
      79
      80
      81
      67
      69
      81
      91
      98
      75
      80
      69
      78
      77
      65
      75
      69
      80
      78
      70
      83
      64
      90
      92
      77
      65
      76
      57
      73
      66
      55
      63
      75
      61
      67
      60
      68
      68
      79
      79
      61
      64
      61
      49
      71
      75
      66
      69
      61
      62
      56
      70
      76
      66
      83
      65
      90
      62
      54
      64
      57
      69
      65
      62
      67
      85
      65
      53
      88
      54
      56
      45
      53
      67
      66
      69
      67
      76
      77
      52
      58
      71
      82
      68
      49
      68
      67
      60
      50
      69
      64
      60
      61
      62
      71
      48
      56
      57
      63
      66
      66
      67
      54
      57
      61
      59
      56
      62
      70
      60
      50
      60
      60
      52
      67
      60
      58
      58
      57
      56
      66
      45
      49
      55
      48
      62
      55
      52
      48
      51
      52
      43
      55
      59
      52
      57
      57
      43
      62
      43
      63
      48
      46
      56
      44
      55
      52
      49
      53
      59
      60
      42
      49
      57
      52
      52
      34
      49
      59
      41
      44
      46
      61
      58
      58
      48
      55
      41
      45
      54
      53
      50
      51
      49
      53
      46
      54
      46
      57
      54
      45
      51
      54
      51
      42
      45
      54
      34
      51
      38
      67
      50
      44
      33
      54
      33
      47
      50
      48
      39
      42
      52
      38
      47
      42
      49
      49
      40
      54
      57
      33
      53
      42
      43
      43
      38
      44
      47
      49
      47
      35
      42
      46
      39
      45
      47
      33
      47
      43
      43
      38
      41
      37
      41
      42
      36
      41
      52
      51
      41
      41
      47
      42
      44
      34
      41
      47
      44
      54
      40
      39
      30
      30
      39
      51
      48
      30
      40
      44
      48
      43
      40
      32
      35
      41
      37
      45
      49
      34
      40
      38
      34
      40
      45
      42
      42
      39
      40
      31
      36
      25
      40
      45
      32
      36
      27
      38
      30
      45
      37
      42
      34
      50
      33
      35
      39
      33
      28
      35
      33
      32
      45
      43
      37
      32
      43
      31
      36
      40
      36
      35
      41
      42
      34
      42
      42
      38
      38
      29
      38
      36
      37
      26
      35
      42
      35
      41
      32
      25
      35
      30
      34
      37
      33
      31
      32
      39
      34
      20
      28
      28
      25
      39
      36
      31
      32
      30
      32
      23
      24
      37
      42
      26
      34
      37
      34
      39
      40
      28
      23
      44
      30
      42
      33
      39
      37
      27
      33
      28
      31
      32
      44
      20
      37
      31
      22
      33
      27
      33
      30
      41
      25
      34
      24
      33
      33
      39
      39
      26
      24
      35
      32
      33
      22
      29
      31
      29
      26
      26
      24
      24
      30
      21
      22
      33
      29
      18
      33
      22
      30
      34
      29
      26
      25
      28
      38
      27
      22
      32
      31
      35
      31
      33
      27
      26
      22
      27
      20
      23
      21
      31
      24
      29
      21
      21
      26
      23
      19
      31
      33
      29
      22
      37
      30
      30
      32
      27
      29
      30
      24
      26
      27
      28
      36
      32
      31
      23
      24
      26
      26
      26
      21
      27
      31
      28
      35
      29
      26
      28
      30
      18
      28
      18
      31
      22
      30
      24
      15
      26
      24
      22
      26
      26
      22
      27
      18
      25
      22
      28
      33
      26
      21
      29
      23
      23
      16
      30
      27
      24
      25
      23
      31
      23
      33
      34
      15
      25
      23
      34
      20
      19
      21
      23
      30
      33
      20
      19
      20
      17
      27
      16
      18
      19
      16
      27
      18
      25
      24
      26
      30
      19
      24
      32
      18
      21
      23
      22
      17
      30
      28
      19
      22
      17
      25
      25
      30
      33
      21
      22
      23
      19
      27
      23
      22
      14
      22
      21
      20
      13
      19
      22
      21
      29
      26
      18
      23
      24
      15
      29
      25
      20
      20
      25
      23
      27
      15
      23
      19
      18
      22
      21
      20
      17
      20
      26
      24
      13
      19
      20
      24
      22
      22
      19
      24
      25
      19
      13
      23
      21
      23
      10
      19
      21
      30
      24
      19
      31
      19
      16
      22
      20
      19
      23
      29
      23
       8
      13
      19
      23
      24
      16
      20
      25
      17
      24
      22
      17
      25
      23
      21
      19
      20
      31
      18
      23
      24
      29
      13
      21
      15
      20
      15
      20
      20
      15
      19
      24
      16
      18
      18
      17
      18
      21
      20
      15
      18
      20
      17
      21
      28
      17
      19
      18
      26
      29
      14
      22
      16
      20
      16
      19
      19
      24
      10
      21
      16
      23
      24
      17
      30
      22
      20
      23
      21
      21
      15
      19
      18
      20
      16
      17
      23
      16
      20
      17
      12
       8
      18
      16
      22
      14
      21
      20
      30
      18
      23
      17
      11
      18
      17
      21
      16
      16
      23
      13
      13
      22
      29
      23
      17
      17
      15
      16
      26
      19
      22
      22
      17
      11
      19
      10
      16
      20
      16
      20
      14
      22
      16
      12
      12
      19
      20
      23
      13
      12
      15
      15
      16
      19
      24
      14
      14
      23
      17
      14
      19
      28
      21
      11
      18
      23
      18
       9
      18
      19
      17
      14
      15
      16
      16
      12
      19
      15
      14
      19
      12
      16
      11
      18
      12
      23
      20
      23
      22
      11
      16
      12
      19
      24
      14
      18
      13
      18
      20
      11
      17
      14
      20
      14
      10
      14
      20
       9
      18
      17
      24
      18
      19
      14
      16
      13
      21
      17
      26
      14
      13
      21
      11
       8
       8
      18
      21
       6
      12
       8
      13
      16
      16
      17
      18
      13
      16
      15
      20
      15
      13
      19
      15
      15
      12
      15
      12
      15
      19
      17
       8
      21
      17
      14
      17
      12
      16
      25
      15
      16
      16
      21
      13
      14
      17
      16
      14
      26
      24
      20
       9
      15
       8
      17
      11
      16
      17
      18
      18
      15
      23
      14
      18
      13
      19
      13
      14
      11
      10
      15
      14
      19
      23
      10
      20
      23
      14
      14
      19
      18
      14
      12
      17
      15
      14
      12
      14
      14
      17
      18
      12
      16
       6
      20
      12
      14
      14
       9
      21
      13
       9
      20
      16
      14
      10
      16
       8
      12
      11
      20
      13
      15
      17
      12
      12
      14
      15
       8
      13
       5
      12
      16
      18
      12
      18
      14
      21
      15
      18
      14
      17
      19
      15
      23
      16
      13
      16
      17
      13
      11
      20
      11
      15
      14
      10
       6
       9
      10
      13
      13
      15
       9
      17
       8
      19
      19
      16
       9
      19
      14
      16
      11
      18
      24
      11
      10
      17
      13
      12
      22
       7
      15
      11
      13
      14
       7
       9
       7
      13
       6
       7
      20
      14
      11
      15
      13
      16
      13
      13
      16
      15
      22
      15
      14
      13
      15
      16
      14
      23
       5
       9
      17
      13
      11
      13
      18
      11
      19
      17
      13
      11
      14
      10
      12
      15
      12
      11
       9
      15
      10
      16
      13
       8
      11
      12
      20
       9
      11
      12
      19
      11
      13
       7
      11
      12
      11
      15
      11
      16
      14
      13
      17
      13
      10
      12
      17
      16
       8
      12
      12
      17
      19
      11
      16
      12
      17
       6
      13
      15
      15
      13
       9
       9
      13
      11
      17
      11
      17
      18
       7
      10
      10
      17
       6
      10
      18
      14
      14
       9
      12
      17
      11
      14
      13
       8
      10
      17
      17
      12
       9
       8
      10
      16
      10
       9
      12
      15
       8
      12
      22
      12
      20
      10
      16
      16
       9
      13
      11
      10
       8
       9
       8
      10
      13
       7
      12
      11
      13
      14
       8
       9
      12
      16
      13
      12
      11
       8
      11
       7
      12
       6
       9
      17
      18
      12
       9
      10
      12
      13
       8
      18
       9
      12
      16
       8
      14
      13
      15
      11
      12
      16
      13
      11
      10
      10
      15
      14
      12
      14
      14
      13
       8
       6
       9
      11
       7
      18
       8
       7
      13
      16
       6
      16
      11
       6
       7
       8
      12
      13
      15
      15
      10
      13
      11
       6
      11
      10
      12
       8
      13
      15
      14
      11
      13
      16
      12
      11
      14
      13
      16
      20
       3
      11
       7
      10
      11
      10
      14
      11
       8
      20
      15
      17
      16
       9
      11
      13
      13
      11
      11
      10
       8
      17
       9
       9
       8
      14
      13
       6
      11
       8
      13
       6
       9
       6
      10
       8
      11
       8
      17
       8
      12
      12
      10
      16
       9
      10
      16
      12
      12
       8
      11
       6
      11
      11
      22
      10
       8
      13
       6
       9
      10
      12
       5
      16
      15
       9
       9
      10
      11
      13
      18
      10
      12
      10
      16
       9
       6
       7
      12
      16
       5
      11
       9
      13
       9
      12
      11
       6
      12
      10
       7
      14
      13
       9
       7
       7
      10
      10
      14
       7
      12
       9
       8
      13
      12
      11
       8
      13
      12
      11
      11
       9
      13
      12
       4
      10
      10
      12
      16
      15
       5
       8
      12
      11
       8
      10
      11
       9
       5
      11
       8
      21
      14
      10
      14
      12
      17
      10
       9
      14
      11
      10
      11
      16
       9
      16
       5
      11
       8
      16
       9
      11
      13
      14
      12
      11
      13
       9
       7
       9
      10
       3
       9
      11
       6
       7
      11
       8
       9
      10
       7
      13
      10
       5
      13
       8
       8
       9
      12
       9
       6
       7
      13
      12
      11
      16
       8
       8
      10
       8
      12
      11
      10
      10
      12
      10
       6
       8
      16
       9
      11
      12
      17
      11
      14
      15
      14
      10
       8
      11
      16
      13
      16
       9
       8
      10
       9
      11
       0
       0
       0
       0
       0
       0
       0
       0
       0
       0
       0
       0
       0
       0
       0
       0
       0
       0
       0
       0
       0
       0
       0
       0
       0
       0
       0
       0
       0
       0
       0
       0
$ROI:
2
28 62
1962 1980
$PRESETS:
None
0
0
$ENER_FIT:
0.000000 0.000000
$MCA_CAL:
3
0.000000E+000 0.000000E+000 0.000000E+000 
$SHAPE_CAL:
3
0.000000E+000 0.000000E+000 0.000000E+000
