$SPEC_ID:
Tme calibration 1.9952 +- 1 MHz 125nS pulser pulse length
$SPEC_REM:
DET# 1
DETDESC# CASENSL5 Easy-MCA-2k SN 14163588
AP# Maestro Version 7.01
$DATE_MEA:
03/09/2017 15:48:55
$MEAS_TIM:
79975 79976
$DATA:
0 2047
       0
       0
    8301
       9
       2
       2
       1
       4
     160
     372
     329
     414
     357
     242
     278
     340
     279
     250
     244
     228
     215
     265
     253
     154
     216
     214
     220
     183
     191
     172
     128
     162
     165
     142
     112
     126
     102
     110
      90
     113
      83
     103
      83
      76
      81
      79
      93
      63
      74
      77
      63
      76
      53
      67
      67
      76
      54
      65
      77
      48
      61
      42
      66
      57
      63
      58
      62
      55
      70
      68
      49
      67
      59
      63
      65
      69
      71
      59
      46
      56
      53
      57
      56
      54
      51
      45
      42
      50
      54
      41
      43
      55
      43
      51
      34
      43
      41
      58
      44
      31
      45
      45
      30
      44
      33
      42
      34
      38
      38
      32
      31
      35
      32
      45
      27
      27
      25
      40
      39
      42
      38
      30
      37
      35
      28
      34
      21
      39
      32
      28
      34
      35
      24
      27
      26
      31
      24
      36
      18
      26
      28
      34
      31
      19
      29
      35
      22
      31
      23
      19
      35
      15
      19
      20
      22
      22
      31
      24
      21
      20
      22
      22
      12
      30
      25
      17
      25
      24
      19
      13
      30
      10
      18
      21
      22
      21
      11
      16
      14
      18
      17
      22
      18
      18
      16
      18
      13
      13
      19
      14
      19
      16
      17
      21
      16
      23
      13
      18
       9
      17
      16
      13
      22
      10
      16
      15
      13
      19
      18
      10
      21
      18
      17
      12
      16
      15
      16
      20
      10
      18
      12
      10
      16
      10
      12
       9
      16
      12
      13
      16
      17
      16
      19
       9
      14
      11
      17
       8
      13
      11
      12
      10
      12
      11
      14
      10
      14
      11
      10
       8
      17
      15
      13
      14
      13
      14
      20
      16
       5
      19
      14
      13
       9
      12
       8
      16
      18
      12
      14
      11
       9
      16
      10
       9
      13
      11
      11
       9
       8
      13
      14
       9
      10
      11
      12
       9
      10
      12
      10
       6
      10
       8
       6
      14
      13
      11
       5
       7
      13
       8
      11
      10
      12
       6
      13
      12
      14
      10
       9
      11
      14
       8
      14
      11
      11
      10
       9
       9
       5
       5
      13
       5
       6
       4
       8
      10
      10
      11
       4
      11
       5
      12
      14
       2
       5
       9
      12
       6
       9
       7
       6
      10
       8
       9
       9
      10
      11
       2
       6
       6
       7
       9
       6
       8
       6
       7
       9
      10
      10
       7
      12
       5
      10
       5
       9
       7
       7
       3
       7
       7
       9
       5
       4
      10
       4
       4
      12
       6
      10
       8
       4
       7
       4
       4
       3
       7
      11
       8
       3
       8
       7
       7
       7
       3
       7
       6
       7
       4
       9
       8
       7
       4
       4
       7
       3
       6
       8
       6
       8
       4
       5
       8
       2
       5
       7
       8
       8
       7
       7
       9
       8
       3
       3
      10
       8
       4
       5
      10
       3
       8
       7
       4
       6
       4
       5
       5
       4
       4
       6
       3
       4
       5
       8
      10
       3
       5
       8
       7
       7
       2
       6
       3
       7
       2
       9
       9
       7
       4
       0
       2
       9
       9
       5
       5
       7
       6
       3
       6
       6
       5
       4
       3
       6
       5
       3
       5
       9
       5
       3
       5
       4
       4
       5
       2
       6
       2
       6
       5
       3
       2
       2
       6
       3
       5
       9
       1
       5
       2
       2
       2
       8
       1
       4
       5
       3
       6
       6
       2
       6
       3
       2
       4
       3
       6
       3
       5
       4
       3
       3
       4
       7
       2
       8
       5
       7
       5
       2
       3
       4
       6
       3
       4
       6
       3
       5
       5
       6
       5
       3
       6
       7
       5
       2
       6
       5
       2
       2
       4
       4
       2
       3
       4
       6
      10
       3
       3
       4
       1
       6
       4
       3
       7
       1
       4
       3
       3
       2
       3
       1
       4
       8
       4
       3
       5
       8
       2
       4
       4
       2
       7
       3
       0
       4
       0
       6
       2
       2
       4
       1
       4
       7
       2
       4
       1
       9
       5
       5
       5
       1
       4
       3
       1
       3
       0
       3
       7
       2
       5
       3
       5
       2
       3
       4
       1
       2
       1
       4
       2
       2
       4
       2
       1
       2
       3
       3
       6
       4
       0
       0
       6
       2
       4
       3
       4
       0
       3
       1
       2
       4
       1
       0
       1
       0
       1
       3
       1
       3
       5
       2
       4
       5
       3
       2
       3
       7
       2
       2
       4
       4
       3
       1
       2
       4
       3
       1
       4
       5
       4
       4
       4
       2
       3
       5
       2
       2
       4
       7
       1
       2
       1
       4
       7
       1
       4
       3
       1
       2
       0
       3
       1
       3
       2
       6
       2
       3
       1
       0
       1
       3
       5
       4
       5
       4
       3
       2
       0
       2
       0
       1
       0
       5
       3
       1
       2
       2
       3
       1
       2
       5
       4
       2
       3
       2
       5
       3
       1
       1
       0
       5
       1
       1
       3
       1
       1
       2
       6
       2
       3
       1
       2
       3
       3
       1
       2
       2
       3
       4
       0
       1
       5
       3
       1
       2
       2
       1
       3
       0
       3
       1
       3
       2
       0
       4
       2
       1
       4
       1
       1
       1
       2
       2
       4
       3
       1
       4
       2
       2
       4
       3
       5
       0
       2
       4
       2
       6
       2
       2
       3
       2
       0
       3
       2
       3
       0
       2
       3
       0
       4
       4
       1
       0
       4
       3
       1
       3
       6
       0
       1
       3
       4
       2
       3
       2
       1
       5
       0
       3
       2
       2
       1
       5
       1
       3
       1
       6
       5
       2
       1
       3
       2
       4
       1
       3
       3
       5
       2
       0
       0
       2
       0
       2
       1
       3
       1
       2
       1
       4
       4
       2
       2
       3
       3
       2
       4
       0
       2
       2
       1
       1
       1
       3
       1
       2
       3
       3
       1
       1
       3
       3
       4
       3
       2
       0
       2
       2
       4
       4
       3
       3
       0
       0
       2
       2
       0
       3
       4
       0
       1
       1
       4
       1
       0
       3
       1
       2
       0
       4
       2
       1
       1
       2
       1
       3
       2
       1
       2
       2
       3
       0
       1
       1
       2
       2
       1
       2
       3
       0
       1
       1
       0
       1
       0
       1
       0
       3
       2
       1
       0
       2
       3
       1
       6
       3
       1
       0
       2
       2
       3
       3
       1
       2
       1
       2
       1
       1
       1
       0
       0
       0
       0
       1
       0
       1
       1
       3
       2
       1
       1
       0
       2
       1
       6
       0
       0
       2
       2
       1
       1
       0
       0
       0
       0
       1
       2
       2
       2
       3
       2
       5
       2
       2
       1
       1
       0
       2
       2
       0
       3
       2
       0
       0
       2
       2
       1
       1
       0
       0
       1
       1
       3
       4
       0
       3
       2
       1
       1
       0
       2
       1
       1
       1
       2
       2
       0
       1
       0
       1
       2
       4
       3
       1
       2
       3
       1
       1
       1
       1
       0
       0
       1
       1
       3
       3
       1
       2
       4
       1
       3
       0
       0
       0
       1
       1
       2
       0
       1
       0
       0
       4
       0
       2
       2
       0
       1
       0
       0
       5
       0
       0
       0
       1
       2
       2
       1
       2
       0
       0
       1
       2
       0
       0
       3
       2
       0
       0
       2
       4
       1
       2
       1
       1
       3
       2
       1
       1
       3
       1
       1
       0
       1
       0
       1
       0
       0
       1
       1
       5
       1
       0
       1
       3
       1
       0
       2
       1
       3
       1
       2
       4
       0
       0
       3
       0
       2
       2
       0
       1
       0
       2
       1
       1
       3
       0
       1
       0
       1
       1
       0
       0
       1
       1
       1
       0
       1
       1
       3
       1
       0
       0
       2
       0
       0
       0
       0
       3
       2
       0
       2
       0
       1
       1
       3
       2
       0
       1
       0
       1
       1
       0
       0
       1
       0
       1
       0
       1
       1
       3
       0
       2
       0
       0
       1
       0
       3
       1
       1
       0
       0
       0
       0
       0
       1
       0
       1
       3
       1
       2
       0
       0
       0
       0
       0
       0
       0
       0
       0
       1
       2
       3
       0
       0
       0
       2
       0
       2
       2
       1
       0
       3
       0
       3
       0
       1
       1
       1
       1
       1
       2
       0
       2
       2
       2
       0
       1
       0
       0
       1
       2
       1
       0
       1
       0
       1
       1
       2
       0
       1
       1
       1
       1
       2
       0
       2
       0
       2
       1
       2
       2
       0
       1
       2
       1
       1
       0
       1
       2
       1
       1
       0
       1
       0
       3
       1
       0
       0
       1
       0
       1
       1
       0
       0
       0
       0
       0
       2
       2
       2
       2
       1
       1
       2
       0
       1
       0
       3
       1
       0
       0
       1
       0
       1
       0
       0
       0
       2
       0
       1
       2
       0
       0
       2
       1
       1
       1
       2
       1
       1
       0
       2
       0
       0
       0
       2
       0
       0
       1
       0
       2
       1
       1
       1
       1
       0
       1
       1
       1
       1
       0
       2
       1
       1
       2
       0
       0
       1
       0
       2
       2
       0
       0
       0
       1
       2
       0
       2
       0
       2
       2
       0
       0
       1
       2
       0
       2
       0
       0
       0
       1
       1
       1
       0
       1
       2
       1
       2
       1
       2
       2
       2
       1
       0
       1
       2
       0
       1
       0
       2
       1
       0
       1
       2
       1
       2
       0
       1
       1
       0
       1
       2
       0
       0
       0
       0
       0
       1
       1
       1
       0
       1
       2
       1
       1
       1
       1
       0
       1
       1
       2
       0
       2
       1
       1
       0
       0
       1
       0
       0
       0
       1
       1
       0
       2
       0
       4
       0
       0
       0
       0
       0
       0
       1
       0
       0
       0
       0
       2
       0
       0
       1
       2
       0
       1
       1
       1
       0
       0
       0
       0
       1
       4
       0
       0
       1
       0
       0
       0
       0
       1
       1
       0
       0
       0
       1
       3
       1
       2
       1
       1
       1
       0
       1
       1
       2
       0
       0
       0
       0
       0
       3
       0
       0
       1
       0
       1
       1
       0
       0
       2
       0
       1
       0
       2
       1
       1
       1
       0
       0
       0
       0
       0
       0
       0
       0
       1
       0
       1
       0
       0
       1
       0
       0
       1
       1
       0
       1
       0
       0
       1
       1
       1
       0
       0
       0
       0
       0
       0
       1
       1
       0
       1
       1
       1
       0
       0
       0
       0
       0
       0
       0
       0
       0
       0
       2
       1
       1
       1
       2
       0
       1
       2
       1
       1
       0
       0
       0
       2
       1
       0
       0
       0
       0
       0
       1
       1
       1
       0
       1
       1
       0
       0
       2
       0
       1
       0
       0
       3
       1
       0
       2
       1
       0
       0
       0
       0
       1
       0
       2
       0
       3
       0
       0
       1
       0
       1
       2
       0
       0
       2
       0
       1
       1
       1
       1
       1
       2
       1
       0
       3
       0
       0
       1
       1
       1
       0
       0
       0
       0
       0
       0
       1
       2
       0
       0
       0
       1
       1
       0
       2
       0
       1
       0
       0
       0
       0
       0
       1
       1
       1
       0
       0
       1
       1
       1
       0
       0
       1
       1
       1
       1
       1
       0
       0
       1
       1
       0
       1
       1
       0
       0
       0
       0
       0
       0
       0
       2
       1
       0
       1
       0
       0
       1
       1
       0
       2
       0
       0
       0
       0
       0
       0
       0
       0
       0
       0
       0
       0
       2
       0
       0
       0
       0
       1
       1
       1
       0
       1
       0
       0
       1
       0
       2
       1
       0
       0
       0
       2
       0
       0
       0
       0
       1
       0
       3
       1
       1
       1
       2
       0
       0
       1
       2
       0
       0
       1
       0
       0
       2
       0
       1
       0
       1
       1
       2
       0
       1
       1
       1
       0
       1
       2
       1
       1
       0
       0
       0
       0
       0
       0
       0
       0
       0
       1
       0
       0
       1
       1
       1
       1
       1
       1
       0
       0
       0
       1
       0
       0
       0
       0
       1
       1
       0
       0
       1
       1
       0
       0
       0
       0
       2
       0
       1
       1
       0
       1
       0
       0
       0
       2
       0
       0
       1
       1
       2
       1
       1
       0
       1
       1
       0
       0
       0
       0
       0
       0
       1
       0
       0
       1
       0
       0
       1
       0
       0
       0
       1
       0
       0
       1
       0
       0
       3
       0
       1
       0
       0
       0
       0
       0
       1
       1
       0
       0
       0
       1
       0
       3
       0
       0
       0
       0
       1
       0
       1
       0
       1
       1
       0
       0
       0
       0
       0
       2
       0
       1
       0
       0
       0
       0
       1
       0
       0
       0
       0
       0
       0
       1
       1
       1
       1
       1
       1
       3
       0
       0
       0
       0
       1
       1
       0
       0
       0
       0
       0
       0
       0
       2
       0
       0
       1
       2
       0
       0
       1
       0
       0
       0
       0
       0
       0
       0
       0
       0
       0
       2
       0
       0
       0
       0
       0
       0
       1
       0
       0
       2
       0
       0
       0
       0
       2
       1
       0
       1
       0
       0
       0
       0
       0
       0
       1
       0
       0
       1
       2
       0
       1
       0
       1
       1
       1
       0
       0
       0
       0
       0
       0
       0
       0
       1
       1
       1
       0
       0
       1
       1
       0
       2
       0
       0
       0
       1
       0
       0
       2
       2
       1
       0
       0
       0
       0
       0
       0
       0
       1
       0
       0
       2
       0
       1
       0
       0
       0
       0
       0
       0
       0
       0
       0
       1
       0
       0
       0
       2
       0
       0
       1
       1
       1
       0
       0
       0
       0
       0
       0
       0
       0
       0
       0
       0
       1
       0
       0
       0
       0
       0
       0
       0
       0
       0
       0
       0
       0
       0
       0
       0
       0
       0
       0
       0
       0
       0
       0
       0
       0
       0
       0
       0
       0
       0
       0
       0
       0
       0
       0
       0
       0
       0
       0
       0
$ROI:
2
28 62
1962 1980
$PRESETS:
None
0
0
$ENER_FIT:
0.000000 0.000000
$MCA_CAL:
3
0.000000E+000 0.000000E+000 0.000000E+000 
$SHAPE_CAL:
3
0.000000E+000 0.000000E+000 0.000000E+000
