$SPEC_ID:
Tme calibration 1.9952 +- 1 MHz 125nS pulser pulse length
$SPEC_REM:
DET# 1
DETDESC# CASENSL5 Easy-MCA-2k SN 14163588
AP# Maestro Version 7.01
$DATE_MEA:
03/30/2017 13:33:30
$MEAS_TIM:
184965 184974
$DATA:
0 2047
       0
       0
  519562
       7
       6
      26
     141
     425
   17461
   23531
   28621
   22360
   23105
   21882
   20703
   20310
   19558
   18110
   17409
   17153
   16115
   15190
   15291
   14739
   14215
   13776
   13391
   12587
   12235
   11915
   11086
   10474
   10627
    9849
    9263
    8857
    8593
    8208
    7778
    7565
    7110
    6945
    6773
    6578
    6288
    6236
    5972
    5917
    5702
    5503
    5317
    5160
    5233
    5070
    4888
    4913
    4648
    4697
    4627
    4623
    4330
    4400
    4392
    4387
    4126
    4207
    4165
    4097
    3934
    4051
    3890
    4008
    3875
    3797
    3748
    3918
    3692
    3653
    3689
    3618
    3435
    3559
    3463
    3434
    3481
    3245
    3294
    3235
    3158
    3062
    3212
    3034
    2909
    2973
    2783
    2883
    2746
    2797
    2774
    2634
    2555
    2639
    2688
    2572
    2514
    2509
    2399
    2409
    2376
    2299
    2299
    2228
    2182
    2195
    2142
    2102
    2169
    2112
    2169
    2068
    2039
    2039
    2017
    2031
    1916
    1986
    1930
    1858
    1915
    1917
    1884
    1919
    1877
    1758
    1741
    1694
    1736
    1751
    1744
    1737
    1718
    1683
    1686
    1678
    1649
    1621
    1629
    1603
    1593
    1475
    1549
    1513
    1491
    1513
    1438
    1518
    1503
    1399
    1470
    1458
    1395
    1383
    1454
    1365
    1358
    1363
    1358
    1339
    1375
    1361
    1315
    1265
    1272
    1314
    1253
    1247
    1262
    1206
    1255
    1181
    1223
    1217
    1166
    1207
    1172
    1185
    1172
    1133
    1159
    1179
    1115
    1143
    1151
    1071
    1089
    1121
    1139
    1096
    1064
    1106
    1141
    1074
    1062
    1086
    1069
    1048
    1016
    1011
    1032
    1007
    1024
    1005
     984
     902
    1001
     951
     935
     957
     942
     953
     923
     970
     886
     891
     894
     915
     904
     897
     949
     858
     874
     921
     849
     888
     858
     828
     861
     837
     860
     896
     836
     817
     785
     733
     837
     812
     825
     796
     795
     830
     796
     799
     768
     792
     806
     788
     744
     786
     732
     745
     784
     779
     767
     702
     777
     711
     778
     712
     726
     699
     709
     699
     705
     734
     684
     724
     689
     702
     642
     661
     692
     704
     681
     676
     669
     666
     663
     668
     659
     654
     668
     626
     633
     626
     611
     638
     637
     621
     596
     599
     646
     608
     580
     590
     601
     581
     560
     606
     611
     587
     579
     565
     552
     549
     579
     541
     549
     567
     557
     573
     535
     543
     557
     549
     549
     557
     526
     527
     513
     490
     602
     541
     508
     503
     515
     548
     483
     517
     567
     499
     528
     503
     531
     504
     483
     480
     503
     486
     512
     469
     488
     471
     455
     458
     457
     459
     484
     442
     489
     443
     480
     456
     487
     456
     462
     437
     440
     434
     429
     459
     407
     438
     426
     455
     418
     412
     430
     422
     412
     443
     393
     404
     445
     422
     366
     391
     389
     447
     395
     395
     428
     369
     381
     410
     392
     399
     404
     381
     435
     350
     381
     374
     388
     388
     364
     365
     378
     370
     384
     357
     380
     384
     360
     356
     330
     355
     382
     354
     349
     352
     374
     355
     342
     368
     367
     333
     329
     342
     325
     314
     339
     345
     327
     329
     332
     364
     340
     340
     343
     341
     294
     339
     322
     327
     325
     332
     326
     341
     325
     343
     306
     332
     306
     317
     319
     290
     302
     323
     312
     297
     288
     284
     304
     285
     295
     313
     300
     290
     281
     273
     275
     293
     298
     294
     288
     289
     311
     270
     300
     264
     277
     289
     271
     272
     288
     285
     256
     290
     269
     308
     284
     266
     246
     231
     292
     257
     244
     258
     242
     265
     278
     281
     280
     234
     287
     277
     288
     250
     247
     248
     258
     258
     265
     231
     265
     256
     261
     239
     220
     250
     238
     239
     250
     264
     255
     249
     277
     253
     229
     256
     217
     229
     237
     229
     254
     233
     238
     259
     256
     227
     220
     229
     226
     222
     243
     248
     261
     231
     211
     234
     242
     243
     209
     222
     245
     216
     235
     226
     217
     216
     249
     225
     220
     237
     228
     235
     223
     226
     205
     229
     213
     184
     196
     233
     209
     202
     200
     213
     193
     237
     206
     200
     197
     208
     197
     197
     240
     217
     210
     204
     201
     200
     220
     221
     207
     203
     168
     208
     198
     171
     195
     195
     212
     210
     182
     191
     190
     201
     210
     192
     200
     194
     186
     180
     208
     205
     202
     162
     204
     197
     174
     177
     207
     200
     169
     154
     187
     186
     190
     192
     213
     149
     201
     175
     173
     166
     184
     182
     183
     178
     198
     181
     179
     169
     202
     158
     174
     164
     185
     148
     170
     157
     171
     172
     176
     166
     171
     178
     165
     167
     188
     174
     151
     149
     151
     178
     149
     184
     177
     145
     182
     158
     166
     138
     162
     133
     156
     158
     164
     157
     156
     143
     153
     153
     151
     162
     185
     157
     179
     163
     154
     159
     164
     155
     158
     159
     154
     148
     148
     154
     146
     141
     157
     153
     151
     151
     120
     147
     157
     148
     138
     128
     158
     147
     143
     138
     149
     152
     135
     137
     153
     125
     128
     139
     158
     139
     136
     140
     136
     150
     119
     151
     139
     145
     139
     154
     137
     119
     134
     130
     123
     125
     142
     126
     147
     143
     132
     138
     139
     139
     146
     146
     135
     112
     129
     134
     151
     121
     119
     131
     135
     130
     141
     128
     130
     126
     150
     138
     107
     153
     143
     118
     133
     130
     138
     128
     135
     116
     135
     109
     137
     121
     134
     106
     109
     118
     122
     118
     126
     123
     136
     120
      96
     121
     125
     138
     127
     123
     107
     112
     124
     123
     118
     108
     108
      98
     125
     130
     109
     112
     114
     105
     121
     120
     100
      96
     113
     131
     104
     124
     101
     109
     122
     109
     118
     117
     113
     111
     113
     126
     100
     114
      98
     113
     106
     117
     120
     113
     101
     116
     122
     106
     106
      97
     116
     122
      99
     112
     100
     120
      90
     102
      83
     116
      84
      92
     112
      91
      96
      98
     108
      96
      87
     103
      97
     117
      98
     109
      86
     105
     112
      99
     105
      98
      90
      93
      78
      96
      98
      98
     101
     100
     102
     107
     109
      88
      99
      88
      99
      94
      99
     104
      89
      78
      93
      90
      98
      91
      95
     108
      90
      85
     117
      78
      94
      97
     107
      86
      89
      89
      83
      95
     106
      83
      98
      90
      90
      93
      98
      74
      95
      89
      81
      94
      88
      98
      94
      88
      92
     107
      95
      86
      78
      82
      87
      96
      75
     101
      85
      78
      83
     104
      91
     101
      82
      90
      88
      90
      85
      88
      92
      74
      80
      80
      71
      78
      88
      91
     103
      91
      79
      74
      88
      82
     101
      72
      85
      84
      80
      83
      84
      96
      95
      75
      82
      95
      89
      76
      90
      78
      80
      76
      69
      86
      89
      93
      60
      77
      92
      90
      74
      74
      81
      77
      77
      66
      77
      81
      68
      67
      85
      87
      87
      75
      83
      83
      85
      92
      77
      78
      79
      65
      70
      93
      87
      67
      67
      66
      59
      70
      83
      75
      70
      81
      77
      80
      95
      78
      76
      78
      80
      75
      96
      70
      79
      69
      70
      77
      72
      66
      75
      76
      76
      79
      51
      62
      65
      64
      73
      79
      82
      72
      73
      76
      78
      66
      68
      72
      73
      81
      66
      57
      76
      72
      66
      70
      72
      60
      74
      67
      65
      57
      58
      85
      71
      66
      78
      58
      76
      73
      69
      71
      78
      67
      75
      66
      73
      63
      81
      59
      71
      87
      75
      71
      78
      72
      66
      66
      60
      73
      58
      58
      79
      59
      56
      66
      51
      70
      67
      73
      61
      64
      53
      73
      76
      76
      62
      53
      63
      67
      55
      55
      58
      53
      49
      71
      52
      52
      62
      66
      53
      61
      69
      43
      64
      66
      63
      54
      59
      50
      66
      47
      58
      66
      69
      72
      72
      48
      65
      69
      55
      48
      61
      60
      85
      63
      75
      54
      58
      43
      65
      58
      54
      57
      65
      62
      59
      59
      58
      56
      54
      52
      58
      50
      55
      66
      75
      65
      56
      53
      58
      62
      43
      58
      65
      58
      55
      64
      66
      58
      64
      66
      53
      48
      55
      54
      59
      67
      59
      66
      65
      55
      62
      65
      52
      55
      66
      50
      53
      55
      59
      54
      53
      58
      49
      50
      70
      52
      57
      49
      61
      50
      55
      52
      59
      48
      54
      68
      60
      52
      44
      52
      53
      61
      64
      54
      61
      43
      53
      47
      70
      56
      45
      50
      56
      55
      58
      61
      58
      52
      53
      43
      59
      50
      54
      57
      49
      40
      63
      61
      56
      58
      51
      51
      44
      42
      46
      61
      73
      44
      38
      45
      49
      56
      60
      55
      48
      61
      57
      44
      55
      56
      49
      41
      49
      48
      56
      47
      37
      64
      53
      53
      42
      44
      42
      48
      51
      44
      48
      55
      46
      48
      57
      51
      49
      44
      62
      50
      40
      50
      41
      62
      41
      35
      56
      40
      53
      38
      45
      47
      49
      53
      40
      55
      46
      43
      40
      46
      42
      43
      34
      46
      47
      39
      38
      56
      39
      37
      45
      43
      64
      53
      48
      47
      52
      51
      46
      59
      50
      58
      52
      56
      32
      47
      49
      41
      45
      47
      51
      44
      41
      52
      41
      43
      50
      36
      53
      39
      43
      55
      49
      41
      53
      45
      43
      46
      35
      31
      42
      52
      48
      50
      51
      45
      44
      38
      49
      50
      39
      50
      34
      46
      50
      43
      39
      52
      49
      45
      49
      52
      57
      42
      46
      39
      42
      44
      38
      61
      54
      38
      42
      34
      37
      47
      32
      42
      48
      39
      38
      43
      50
      47
      37
      48
      37
      52
      48
      27
      43
      40
      42
      45
      39
      48
      47
      41
      52
      50
      41
      39
      52
      50
      37
      43
      38
      43
      45
      30
      30
      41
      39
      44
      34
      51
      41
      45
      38
      36
      27
      43
      39
      34
      43
      38
      42
      44
      36
      44
      50
      40
      35
      50
      50
      31
      35
      48
      43
      32
      44
      42
      39
      42
      42
      42
      44
      33
      38
      35
      53
      32
      40
      34
      38
      44
      45
      33
      49
      38
      46
      39
      35
      48
      31
      44
      42
      41
      29
      42
      40
      43
      37
      42
      37
      40
      31
      27
      36
      37
      36
      45
      41
      37
      39
      47
      50
      40
      42
      32
      46
      40
      47
      35
      48
      47
      28
      35
      41
      41
      38
      40
      30
      36
      40
      30
      48
      38
      48
      35
      33
      42
      38
      50
      47
      33
      41
      27
      32
      36
      32
      33
      39
      32
      42
      24
      35
      38
      41
      49
      34
      45
      30
      37
      44
      35
      37
      40
      32
      24
      30
      45
      32
      36
      31
      35
      36
      42
      34
      43
      30
      37
      31
      35
      40
      33
      30
      36
      22
      33
      34
      40
      40
      33
      30
      28
      41
      34
      32
      38
      27
      36
      30
      38
      44
      32
      36
      42
      42
      35
      45
      40
      28
      41
      40
      29
      38
      31
      28
      36
      37
      30
      36
      32
      28
      34
      42
      27
      32
      27
      40
      41
      43
      44
      37
      34
      31
      29
      28
      36
      35
      30
      28
      39
      48
      42
      33
      39
      30
      31
      39
      49
      36
      32
      37
      30
      29
      35
      30
      33
      25
      25
      29
      32
      42
      25
      35
      45
      30
      35
      33
      33
      32
      33
      39
      37
      28
      35
      34
      33
      25
      36
      34
      33
      38
      28
      31
      40
      43
      31
      39
      33
      28
      41
      42
      33
      28
      39
      37
      32
      41
      30
      42
      32
      24
      34
      34
      43
      33
      33
      33
      37
      42
      42
      36
      33
      37
      26
      25
      33
      38
      35
      27
      41
      25
      36
      25
      25
      42
      30
      27
      37
      35
      26
      33
      39
      35
      40
      24
      41
      36
      26
      30
      26
      23
      37
      34
      25
      34
      33
      24
      28
      31
      23
      31
      33
      29
      31
      27
      45
      31
      35
      51
      26
      37
      26
      25
      24
      27
      30
      24
      33
      28
      35
      25
      25
      30
      23
      31
      29
      38
      30
      36
      36
      29
      28
      29
      36
      35
      24
      20
      26
      37
      36
      39
      28
      41
      31
      27
      24
      27
      32
      24
      35
      36
      36
      30
      46
      21
      37
      29
      31
      33
      34
      36
      33
      37
      34
      35
      33
      30
      30
      29
      36
      33
      26
      18
      23
      27
      25
      22
      28
      26
      24
      32
      34
      36
      32
      32
      35
      28
      33
      30
      25
      31
      28
      28
      32
      28
      42
      31
      35
      25
      29
      26
      32
      18
      33
      29
      23
      20
      21
      24
      13
      24
      25
      26
      30
      26
      23
      38
      25
      29
      30
      34
      24
      28
      23
      34
      37
      26
      21
      20
      29
      28
      32
      34
      21
      27
      38
      31
      27
      38
      32
      25
      33
      28
      30
      16
      32
      27
      31
      23
      24
      34
      29
      26
      17
      27
      28
      32
      27
      33
      25
      18
      29
      22
      34
      24
      24
      31
      22
      25
      31
      21
      29
      24
      36
      32
      33
      25
      30
      24
      27
      25
      24
      31
      29
      42
      28
      23
      33
      21
      28
      30
      26
      31
      19
      28
      25
      25
      28
      30
      19
      23
      26
      32
      38
      39
      20
      22
      29
      21
      23
      29
      29
      21
      36
      21
      27
      22
      28
      36
      34
      25
      29
      29
      23
      31
      22
      31
      34
      27
      22
      28
      22
      25
      26
      24
      33
      24
      30
      31
      34
      22
      30
      23
      21
      26
      28
      27
      24
      24
      25
      33
      21
      25
      20
       0
       0
       0
       0
       0
       0
       0
       0
       0
       0
       0
       0
       0
       0
       0
       0
       0
       0
       0
       0
       0
       0
       0
       0
       0
       0
       0
       0
       0
       0
       0
       0
$ROI:
0
$PRESETS:
None
0
0
$ENER_FIT:
0.000000 0.000000
$MCA_CAL:
3
0.000000E+000 0.000000E+000 0.000000E+000 
$SHAPE_CAL:
3
0.000000E+000 0.000000E+000 0.000000E+000
