       0
       0
       0
       0
       0
       0
       0
       0
       0
       2
       0
       2
       0
       1
       4
       5
       7
       4
       3
       2
       3
       2
       1
       0
       0
       1
       0
       0
       4
       2
       2
       3
       2
       2
       1
       1
       1
       0
       2
       2
       9
      55
     978
    7482
   14897
   15451
   14633
   13407
   10994
    8417
    5826
    3734
    1901
     662
     175
      80
      92
     147
     423
    1006
    2143
    3767
    5292
    6974
    8372
    9712
   10005
   10191
    9936
    9530
    9440
    9370
    9037
    8878
    8785
    8560
    8195
    8148
    7947
    7855
    7728
    7553
    7171
    7022
    6878
    6601
    6771
    6542
    6413
    6305
    5948
    5767
    5881
    5712
    5450
    5334
    5120
    5162
    5083
    4821
    4971
    4830
    4632
    4666
    4529
    4442
    4444
    4352
    4225
    4180
    4106
    4077
    4065
    3829
    3939
    3854
    3802
    3739
    3771
    3744
    3722
    3605
    3597
    3545
    3405
    3411
    3428
    3330
    3434
    3290
    3282
    3243
    3279
    3104
    3268
    3160
    3159
    3153
    3039
    3100
    3118
    3007
    3038
    3062
    3173
    3144
    2973
    3110
    2895
    2929
    2902
    2928
    3031
    2955
    2938
    2896
    2912
    2937
    2885
    2824
    2822
    2890
    2871
    2812
    2762
    2873
    2850
    2713
    2773
    2749
    2762
    2797
    2855
    2742
    2715
    2684
    2691
    2702
    2647
    2661
    2564
    2623
    2611
    2615
    2667
    2603
    2566
    2565
    2436
    2449
    2456
    2494
    2468
    2521
    2480
    2459
    2435
    2489
    2436
    2313
    2360
    2273
    2314
    2268
    2211
    2184
    2243
    2231
    2359
    2177
    2118
    2206
    2133
    2096
    2126
    2113
    2027
    2127
    2107
    2019
    2012
    2026
    1975
    1865
    1935
    1911
    1794
    1863
    1886
    1817
    1885
    1789
    1816
    1784
    1811
    1823
    1699
    1752
    1673
    1756
    1738
    1648
    1692
    1686
    1654
    1605
    1668
    1592
    1600
    1580
    1611
    1609
    1517
    1565
    1618
    1480
    1561
    1509
    1548
    1504
    1506
    1455
    1507
    1445
    1428
    1429
    1446
    1437
    1380
    1434
    1422
    1389
    1413
    1352
    1364
    1415
    1275
    1379
    1344
    1381
    1368
    1361
    1348
    1333
    1328
    1349
    1260
    1307
    1285
    1267
    1278
    1245
    1302
    1282
    1303
    1226
    1217
    1198
    1215
    1273
    1200
    1249
    1209
    1225
    1240
    1103
    1206
    1219
    1261
    1142
    1166
    1179
    1152
    1206
    1171
    1118
    1198
    1090
    1092
    1095
    1113
    1102
    1110
    1105
    1187
    1096
    1107
    1089
    1101
    1192
    1091
    1061
    1054
    1043
    1050
    1095
    1024
    1100
    1084
    1045
    1065
    1025
    1059
    1037
    1037
    1026
     986
    1038
    1046
    1052
     976
    1000
     993
    1001
     994
    1006
     998
     939
     968
    1007
     996
    1032
     989
     919
     949
     920
     925
     924
     948
     898
     937
     976
     921
     951
     982
     974
     868
     959
     935
     906
     931
     888
     895
     892
     893
     901
     956
     861
     844
     841
     882
     828
     894
     860
     846
     832
     850
     859
     817
     906
     866
     854
     829
     845
     810
     756
     853
     837
     819
     832
     829
     786
     807
     863
     799
     820
     762
     758
     812
     772
     732
     818
     792
     798
     765
     816
     744
     772
     754
     739
     750
     739
     715
     723
     743
     748
     752
     704
     752
     718
     745
     754
     722
     762
     748
     722
     752
     667
     715
     706
     720
     738
     688
     722
     701
     660
     721
     667
     660
     685
     681
     693
     680
     699
     676
     642
     671
     669
     679
     696
     638
     713
     685
     673
     715
     628
     665
     664
     659
     692
     666
     620
     635
     644
     626
     616
     695
     621
     663
     681
     644
     608
     616
     623
     629
     606
     627
     648
     661
     642
     580
     587
     622
     623
     622
     595
     574
     615
     622
     605
     590
     578
     598
     619
     562
     581
     596
     594
     550
     634
     612
     566
     629
     586
     529
     528
     622
     608
     526
     547
     554
     592
     582
     609
     552
     581
     568
     544
     605
     572
     560
     585
     560
     532
     586
     537
     566
     551
     563
     589
     521
     556
     523
     550
     539
     532
     579
     548
     513
     513
     529
     507
     549
     487
     488
     504
     491
     546
     480
     559
     498
     534
     526
     496
     566
     532
     475
     508
     512
     514
     473
     471
     504
     517
     515
     491
     491
     470
     499
     513
     481
     500
     522
     499
     528
     488
     505
     475
     464
     505
     495
     479
     515
     442
     451
     466
     494
     463
     475
     471
     465
     470
     443
     448
     478
     469
     428
     469
     450
     440
     460
     453
     439
     467
     450
     432
     441
     408
     453
     442
     480
     468
     439
     423
     428
     458
     434
     456
     444
     424
     444
     431
     429
     429
     414
     425
     407
     428
     403
     434
     412
     422
     434
     435
     395
     394
     435
     418
     419
     405
     410
     391
     391
     421
     410
     416
     375
     396
     388
     410
     380
     395
     395
     431
     412
     428
     361
     400
     400
     351
     369
     387
     419
     362
     380
     408
     390
     391
     399
     382
     367
     372
     350
     363
     390
     369
     340
     375
     340
     377
     376
     386
     400
     350
     334
     365
     380
     353
     361
     339
     350
     342
     365
     356
     338
     373
     359
     361
     349
     372
     383
     369
     346
     310
     322
     321
     386
     342
     337
     340
     365
     330
     351
     347
     312
     355
     348
     331
     353
     352
     320
     344
     323
     294
     336
     328
     320
     309
     337
     319
     328
     299
     314
     333
     309
     341
     333
     319
     314
     306
     343
     348
     325
     315
     313
     334
     296
     335
     297
     313
     314
     324
     328
     317
     288
     310
     315
     324
     349
     321
     305
     338
     308
     321
     278
     298
     293
     318
     317
     284
     296
     293
     307
     305
     326
     321
     309
     294
     310
     334
     290
     285
     334
     306
     307
     282
     273
     310
     285
     287
     290
     323
     302
     286
     295
     280
     295
     258
     268
     295
     319
     311
     300
     266
     311
     281
     267
     306
     274
     296
     266
     288
     261
     287
     270
     301
     289
     280
     298
     282
     269
     281
     269
     256
     248
     263
     297
     283
     268
     287
     264
     273
     270
     232
     243
     271
     256
     258
     248
     266
     246
     284
     272
     258
     258
     226
     258
     258
     259
     310
     270
     253
     259
     238
     260
     249
     260
     279
     265
     243
     248
     252
     256
     231
     249
     253
     222
     244
     250
     263
     251
     207
     237
     220
     278
     233
     224
     236
     264
     189
     240
     249
     242
     252
     226
     204
     246
     208
     230
     236
     242
     238
     229
     256
     227
     233
     244
     222
     245
     250
     215
     208
     214
     234
     250
     229
     232
     231
     244
     255
     241
     238
     226
     222
     239
     241
     235
     215
     238
     238
     232
     239
     222
     242
     216
     234
     209
     219
     254
     215
     228
     195
     232
     227
     221
     223
     209
     240
     227
     244
     211
     209
     204
     212
     221
     220
     220
     212
     206
     212
     199
     221
     203
     217
     215
     204
     195
     217
     203
     201
     207
     211
     210
     208
     241
     235
     201
     229
     250
     202
     235
     193
     215
     205
     215
     217
     215
     227
     223
     205
     195
     197
     204
     195
     227
     200
     175
     205
     195
     213
     189
     172
     188
     205
     219
     199
     203
     229
     195
     191
     201
     180
     234
     142
     196
     195
     190
     182
     191
     176
     205
     191
     212
     170
     189
     165
     211
     171
     189
     197
     196
     204
     203
     192
     203
     188
     221
     195
     178
     213
     189
     184
     177
     212
     188
     184
     188
     192
     190
     160
     179
     202
     187
     193
     180
     184
     208
     168
     196
     183
     177
     172
     182
     186
     185
     169
     163
     178
     169
     173
     186
     200
     199
     173
     158
     172
     170
     183
     156
     180
     204
     182
     186
     152
     188
     193
     171
     197
     174
     180
     182
     148
     167
     180
     184
     173
     174
     157
     172
     174
     194
     189
     172
     151
     173
     156
     163
     150
     168
     169
     176
     154
     177
     152
     166
     160
     155
     168
     178
     185
     160
     151
     156
     174
     158
     156
     169
     171
     145
     157
     177
     167
     165
     165
     160
     154
     170
     146
     147
     182
     148
     175
     160
     156
     144
     172
     179
     163
     139
     165
     157
     160
     156
     169
     166
     179
     151
     156
     168
     157
     151
     148
     157
     161
     143
     180
     156
     151
     152
     154
     146
     153
     160
     143
     159
     139
     185
     151
     170
     167
     156
     148
     158
     149
     147
     162
     126
     149
     100
     158
     163
     153
     156
     161
     152
     156
     141
     134
     140
     161
     136
     162
     147
     134
     131
     164
     136
     142
     132
     155
     144
     151
     144
     139
     157
     166
     160
     141
     143
     119
     166
     147
     142
     150
     165
     132
     144
     122
     129
     136
     156
     142
     157
     124
     137
     143
     139
     133
     137
     148
     131
     139
     131
     123
     140
     134
     159
     140
     132
     129
     125
     125
     122
     137
     154
     146
     132
     131
     134
     113
     131
     139
     135
     116
     120
     157
     154
     158
     158
     134
     151
     140
     143
     107
     133
     136
     130
     127
     150
     138
     142
     115
     132
     132
     138
     115
     133
     142
     142
     137
     124
     139
     128
     131
     116
     130
     127
     131
     117
     122
     127
     125
     123
     116
     132
     131
     117
     136
     110
     117
     141
     128
     110
     127
     144
     137
     133
      98
     124
     162
     115
     119
     127
     114
     126
     109
     140
     114
     128
     125
     123
     136
     128
     122
     134
     114
     105
     128
     144
     137
     110
     134
     121
     142
     124
     104
      99
     112
     114
     113
     134
      96
     144
     109
     116
     115
     115
     103
     114
     120
     105
     110
     151
     113
     112
     102
     106
     137
     111
     120
     100
     115
     114
     124
     118
     122
     128
     107
     121
     120
     116
     115
     123
     123
     107
     124
     108
     100
     110
      96
     124
     136
     130
     116
     138
     113
     129
     118
     108
     105
     127
     109
     100
     106
     131
      87
     117
     110
     100
      98
     111
     116
     122
     127
     118
      98
     111
      99
      99
     117
     121
     107
     109
     117
     115
     121
     107
      94
      87
     110
     111
     136
     112
     123
     122
     111
     105
      96
     106
     110
      96
     100
     100
     111
     108
     107
      98
     106
     119
     103
     103
     137
     111
     120
     108
     120
     115
     109
     104
      94
      88
      97
     105
      95
     119
     108
     112
      89
     108
     117
     102
      97
     115
     121
     102
     104
      93
     117
      96
     103
      99
      91
      97
      95
     100
      98
      97
     100
      72
     109
     107
     101
      91
      89
     107
     104
      99
      97
      91
      82
     121
     104
     119
     101
      90
     109
     102
     105
     124
      94
      79
      89
      94
      93
     107
     103
      90
      96
      93
      90
     103
      91
      82
     107
      90
      96
     104
     101
      77
     110
      97
     102
      79
      85
      98
      92
      90
      93
      98
      96
      98
      95
      83
      89
      98
     117
     101
      90
      94
      96
     119
      96
     101
     103
      84
     108
      85
     106
     104
     105
      99
      91
      92
     102
     104
      75
     104
      77
     106
     106
     106
     105
     102
      81
      73
      82
      91
      82
      89
      80
      99
      83
      83
      79
      89
      87
      98
      98
      95
      90
      96
      81
     107
      98
      92
      72
      96
      88
      88
      92
      79
      88
      87
      99
      82
      88
      96
     102
      77
      75
      91
      95
      91
      94
      91
     112
      86
      97
      88
      79
     109
      83
      91
     104
      95
      79
      93
      80
      92
      94
     104
      75
      85
      79
      77
      81
     100
      78
      99
      81
      90
      86
      85
      82
      84
      97
      84
      81
      78
      79
      73
      84
      70
      93
      82
      80
      82
      83
      76
      97
      67
      87
      75
      85
      81
      86
      83
      88
      85
      66
      74
      81
      90
      97
      88
      83
      95
      86
      69
      85
      90
      93
      77
      90
      87
      76
      70
      90
      85
      73
      74
      86
      74
      70
      75
      69
      84
      74
      82
      81
      83
      71
      98
      90
      71
      70
      77
      79
      87
      66
      78
      81
      74
      77
      58
      86
      66
      95
      70
      75
      68
      76
      85
      77
      76
      64
      83
      94
      81
      75
      89
      83
      82
      80
      73
      69
      84
      73
      67
      82
      78
      71
      85
      68
      90
      77
      72
      83
      76
      84
      79
      80
      59
      80
      68
      86
      72
      74
      84
      73
      80
     104
      78
      75
      83
      64
      70
      66
      79
      67
      77
      83
      83
      80
      80
      74
      85
      64
      83
      74
      71
      77
      70
      66
      71
      92
      74
      67
      71
      85
      75
      74
      67
      62
      68
      73
      85
      57
      88
      71
      87
      85
      78
      72
      69
      65
      79
      61
      78
      69
      67
      76
      67
      81
      64
      68
      65
      71
      81
      64
      95
      74
      60
      76
      61
      71
      63
      64
      76
      62
      59
      72
      81
      69
      63
      81
      74
      67
      70
      72
      60
      81
      64
      65
      59
      78
      64
      66
      67
      67
      71
      76
      67
      81
      59
      71
      73
      66
      54
      61
      72
      56
      83
      71
      68
      70
      76
      52
      75
      61
      64
      66
      64
      68
      68
      61
      64
      66
      70
      44
      64
      63
      62
      57
      49
      52
      79
      59
      63
      54
      60
      62
      51
      68
      82
      67
      58
      71
      54
      77
      68
      70
      69
      65
      60
      67
      73
      72
      64
      68
      61
      71
      59
      71
      76
      70
      78
      77
      53
      67
      72
      79
      75
      74
      56
      68
      53
      63
      66
      63
      66
      61
      70
      64
      55
      48
      43
      66
      61
      61
      70
      53
      63
      59
      73
      67
      61
      57
      70
      68
      64
      66
      74
      65
      67
      68
      62
      59
      50
      51
      73
      64
      68
      46
      62
       4
       0
       0
       0
       0
       0
       0
       0
       0
       0
       0
       0
       0
       0
       0
       0
       0
       0
       0
       0
       0
       0
       0
       0
       0
       0
       0
       0
       0
       0
       0
       0
       0
       0
       0
       0
       0
       0
       0
       0
       0
       0
       0
       0
       0
       0
       0
       0
       0
       0
       0
       0
       0
       0
       0
       0
       0
       0
       0
       0
       0
       0
       0
       0
       0
       0
       0
       0
       0
       0
       0
       0
       0
