$SPEC_ID:
Tme calibration 1.9952 +- 1 MHz 125nS pulser pulse length
$SPEC_REM:
DET# 1
DETDESC# CASENSL5 Easy-MCA-2k SN 14163588
AP# Maestro Version 7.01
$DATE_MEA:
03/09/2017 15:48:55
$MEAS_TIM:
325186 325187
$DATA:
0 2047
       0
       0
   32169
      55
       2
       3
       5
      15
     681
    1370
    1244
    1532
    1416
     946
    1037
    1332
    1057
     917
    1038
     941
     810
    1023
     957
     733
     771
     859
     784
     748
     772
     649
     577
     630
     630
     540
     480
     474
     411
     453
     405
     417
     325
     356
     362
     306
     296
     315
     301
     261
     287
     261
     237
     251
     247
     222
     219
     253
     207
     248
     274
     221
     231
     200
     266
     253
     227
     225
     237
     215
     232
     234
     209
     241
     213
     218
     260
     243
     244
     228
     207
     186
     206
     209
     197
     221
     194
     204
     210
     194
     184
     172
     190
     175
     174
     196
     159
     176
     155
     169
     176
     147
     142
     159
     151
     153
     149
     135
     152
     163
     144
     136
     119
     132
     133
     136
     121
     134
     110
     133
     136
     120
     135
     118
     114
     125
     133
     111
     113
     137
     111
     108
     116
     108
     101
     108
      95
     104
     112
     125
     106
      91
     103
     111
     104
      94
     113
     105
      94
     107
     102
      82
     104
      84
      73
      77
      89
      91
      96
      93
      78
      93
      81
      90
      72
      96
      90
      77
      84
      67
      93
      73
      84
      62
      81
      69
      79
      74
      74
      69
      76
      66
      72
      73
      76
      85
      78
      74
      65
      67
      68
      72
      65
      84
      52
      61
      62
      81
      63
      68
      64
      65
      63
      58
      73
      60
      70
      59
      49
      57
      74
      46
      59
      67
      58
      44
      53
      61
      52
      59
      48
      72
      47
      58
      63
      55
      54
      58
      54
      51
      47
      62
      50
      59
      64
      47
      56
      47
      45
      47
      53
      56
      55
      53
      49
      58
      52
      40
      58
      50
      51
      47
      74
      55
      55
      45
      58
      49
      62
      50
      39
      60
      54
      53
      28
      43
      35
      55
      54
      35
      53
      41
      37
      40
      52
      35
      47
      34
      34
      30
      38
      47
      44
      36
      53
      41
      36
      43
      49
      50
      30
      26
      35
      36
      31
      44
      45
      43
      37
      35
      38
      41
      36
      40
      33
      34
      49
      43
      33
      40
      36
      34
      39
      36
      32
      42
      39
      39
      39
      33
      29
      38
      43
      35
      33
      34
      35
      44
      36
      41
      32
      36
      26
      41
      37
      28
      29
      39
      35
      35
      33
      34
      31
      43
      35
      30
      36
      31
      37
      37
      34
      30
      27
      34
      36
      31
      25
      26
      38
      28
      35
      28
      41
      33
      37
      26
      33
      28
      24
      25
      25
      24
      37
      21
      21
      32
      28
      31
      29
      27
      30
      27
      30
      30
      28
      21
      19
      20
      31
      29
      20
      22
      34
      27
      28
      13
      30
      25
      25
      24
      23
      29
      32
      25
      19
      29
      23
      32
      20
      22
      31
      28
      24
      26
      20
      20
      23
      28
      33
      19
      24
      33
      18
      18
      21
      23
      26
      21
      24
      25
      20
      26
      17
      20
      27
      20
      27
      19
      25
      17
      18
      12
      23
      18
      25
      28
      18
      25
      27
      22
      24
      17
      23
      10
      23
      14
      22
      24
      26
      21
      16
      17
      26
      26
      18
      14
      27
      19
      17
      13
      21
      18
      15
      23
      15
      24
      16
      19
      19
      20
      19
      19
      15
      18
      19
      15
      22
      12
      14
      15
      12
      18
      13
      24
      14
      17
      20
      16
      23
      14
      15
      13
      24
      16
      13
      13
      13
      17
      15
      14
      21
      18
      17
      18
      19
      16
      16
      17
      18
      11
      20
      16
      20
      12
      19
      15
      20
      12
      24
      19
      14
      19
      16
      23
      20
      10
      16
      19
      17
      16
      12
      17
      18
      24
      11
      24
      18
      15
       9
      12
      17
      13
      19
      14
      12
      22
      16
      21
      16
       7
      12
      13
      19
      22
       8
      17
      11
      18
       8
      12
      10
      15
      22
      21
      13
      15
      18
      13
      16
      13
      11
      15
      13
       7
      16
      15
      16
      10
      13
      17
      17
      11
      24
       8
      11
      15
      25
      16
      22
      14
      11
      19
       9
       6
      11
       6
       8
      15
      12
      18
      14
      16
      14
      12
      14
       5
      15
       8
      17
      15
      12
      16
      10
      12
      11
       8
      14
      22
      20
       8
      11
       9
       9
      10
      11
      16
       9
      15
      10
       9
      12
      10
       5
       7
      10
      14
      12
      14
      11
      19
       7
      10
      13
      12
      15
      13
      18
       7
      12
      13
      11
       8
       5
      12
      14
      19
      11
       8
      12
      10
      14
       9
       9
      15
      13
       9
       9
      13
      12
       5
      10
       7
      14
      16
       7
      12
      10
       9
       9
       5
      11
       9
      10
      11
       9
       8
      11
      10
       7
       9
      16
      12
      12
      11
      16
      12
      15
       5
      13
       8
       8
       5
      13
       8
      12
       7
       5
      11
       6
       8
      11
      11
      12
      10
      11
      16
      10
       7
       7
       5
       5
       8
       7
      14
       5
      10
      10
      17
       5
      14
       8
       9
       8
       7
      13
       9
      10
       8
       7
       5
       6
      12
       9
       9
       9
       6
       9
      10
       9
      11
       4
       9
       6
       7
      10
       9
      10
      10
       9
       6
       7
       5
       6
      11
       8
       7
      11
       4
       8
       8
      10
       9
       8
       8
      13
       8
      10
       5
       7
       9
       8
       7
      13
       8
      10
       5
       6
      10
       5
       9
       9
      10
       4
      10
       9
       3
       6
       7
       6
       8
      10
       8
       5
      11
       9
      10
      13
       9
      10
       7
       7
       5
       7
       6
       8
       5
      10
       8
       5
       5
      10
       6
      11
       4
      17
       9
      10
       8
       3
       5
       9
       5
      10
       6
       9
       5
       4
       8
       9
      12
       6
       6
      13
       4
       7
      12
       4
       8
       9
       6
       7
       7
       7
       4
       5
       7
      14
      11
       5
       9
       9
      11
      11
       6
       7
       5
       5
      15
       6
      10
      10
       3
       9
      10
       7
       1
       7
      11
       5
       5
       6
      12
       4
       3
       8
       2
       7
       4
       9
      11
       3
       3
       5
       6
       8
       6
       4
       4
      14
       9
       5
       6
       6
       8
       3
       2
       6
       5
       4
       8
       5
       5
       8
       4
       5
       0
      11
       7
       6
       8
       8
       5
       4
       8
       9
       3
       4
      10
       6
       6
       5
       8
       5
       5
       7
       6
       2
       4
       3
       6
       1
       5
       6
       9
       6
       3
       6
       5
       3
       3
       3
       3
       8
      12
       5
       2
       5
       8
       4
       4
       3
       4
       9
       2
       6
       5
       4
       9
       8
       6
      10
       5
       3
       5
       2
       1
       4
       8
       4
       9
       4
       5
       5
       3
       5
       9
       5
       3
       4
       6
       3
       8
       6
       5
      10
       8
       4
       5
       2
       4
       6
       7
       5
       5
       4
       5
       3
       4
       6
       4
       7
       6
       5
       4
      12
       5
       6
       7
       6
       2
       5
       4
       6
       6
       7
       4
       5
       7
       4
       6
       5
       5
       4
       2
       7
       5
       1
       5
       5
       2
       8
       4
       7
       3
       9
       6
       3
       8
       9
       1
       4
       4
       8
       5
       5
       1
      10
       8
       6
       8
       8
       2
       5
      11
       6
       1
       5
       5
       9
       3
       5
       3
       4
       9
       4
       3
       5
       6
       2
       5
       1
       4
       3
       4
       0
       4
       4
       6
       8
       2
       3
       1
       9
       4
       4
       6
       5
       5
       7
       3
       6
       2
       5
       4
       4
       8
       7
       2
       4
       1
       5
       4
       4
       6
       5
       4
       2
       5
       6
       6
       2
       3
       5
       4
       3
       6
       4
       7
       4
       2
       4
       3
       1
       3
       3
       2
       4
       6
       0
       5
       2
       5
       2
       4
       7
       1
       2
       3
       7
       3
       2
       2
       4
       5
       7
       4
       6
       3
       8
       3
       4
       3
       5
       1
       2
       3
       3
       1
       7
       1
       3
       2
       3
       2
       4
       4
       5
       2
       5
       1
       4
       0
       2
       3
       4
       1
       2
       4
       2
       3
       8
       1
       3
       3
       5
       5
       3
       5
       5
       2
       4
       1
      11
       0
       8
       5
       2
       2
       2
       4
       1
       2
       3
       4
       6
       4
       1
       1
       3
       5
       2
       1
       4
       4
       9
       2
       8
       4
       2
       2
       3
       4
       2
       1
       4
       2
       6
       3
       3
       6
       2
       1
       2
       3
       3
       0
       3
       8
       4
       1
       1
       2
       2
       5
       4
       2
       2
       2
       2
       9
       2
       5
       1
       3
       2
       3
       5
       4
       3
       3
       3
       4
       2
       3
       2
       2
       4
       1
       3
       1
       2
       1
       4
       2
       2
       2
       4
       1
       2
       4
       2
       1
       5
       3
       3
       6
       5
       3
       4
       0
       5
       1
       0
       3
       5
       2
       1
       3
       3
       3
       1
       1
       5
       4
       4
       7
       3
       2
       2
       3
       5
       4
       4
       7
       0
       2
       3
       3
       4
       2
       6
       2
       0
       2
       4
       2
       5
       1
       4
       5
       2
       4
       3
       4
       5
       4
       3
       1
       4
       5
       2
       2
       1
       1
       2
       2
       4
       2
       2
       4
       6
       4
       2
       3
       3
       0
       2
       2
       4
       4
       0
       2
       3
       2
       6
       3
       2
       2
       2
       2
       4
       2
       2
       2
       1
       4
       4
       3
       4
       1
       2
       2
       5
       4
       2
       4
       2
       6
       1
       4
       4
       2
       5
       2
       3
       2
       3
       5
       4
       1
       2
       3
       2
       5
       1
       7
       1
       3
       3
       2
       5
       0
       4
       3
       1
       4
       0
       3
       1
       0
       1
       6
       4
       4
       4
       4
       1
       1
       3
       1
       4
       5
       0
       1
       4
       3
       2
       0
       1
       2
       3
       1
       5
       1
       3
       6
       3
       3
       2
       6
       2
       4
       1
       3
       3
       0
       4
       2
       2
       1
       4
       3
       2
       6
       3
       3
       3
       2
       1
       2
       1
       2
       4
       3
       3
       4
       3
       3
       1
       3
       1
       3
       1
       2
       2
       3
       1
       3
       3
       3
       2
       0
       0
       1
       3
       0
       2
       3
       1
       4
       3
       2
       3
       1
       2
       0
       1
       3
       2
       2
       0
       1
       4
       3
       0
       3
       0
       1
       1
       2
       2
       3
       1
       1
       3
       3
       4
       2
       3
       5
       5
       2
       4
       5
       1
       0
       1
       4
       3
       0
       3
       3
       2
       0
       1
       1
       3
       0
       3
       3
       3
       2
       3
       1
       2
       0
       3
       5
       3
       1
       6
       1
       0
       1
       2
       3
       2
       0
       2
       0
       5
       2
       2
       2
       1
       1
       5
       0
       2
       6
       2
       2
       4
       2
       2
       3
       4
       1
       3
       5
       3
       3
       4
       4
       2
       2
       0
       1
       0
       3
       5
       2
       4
       0
       2
       1
       6
       2
       1
       5
       3
       3
       0
       1
       2
       1
       0
       1
       3
       3
       0
       1
       1
       4
       2
       1
       3
       3
       4
       5
       3
       3
       1
       1
       2
       3
       2
       2
       4
       1
       3
       3
       3
       0
       1
       1
       2
       1
       7
       1
       0
       2
       3
       5
       1
       2
       2
       2
       1
       1
       2
       0
       0
       3
       0
       2
       1
       0
       4
       1
       3
       1
       0
       4
       3
       3
       1
       2
       2
       0
       1
       3
       4
       3
       2
       2
       1
       5
       1
       3
       1
       2
       2
       0
       6
       2
       2
       1
       5
       1
       2
       2
       3
       0
       2
       1
       0
       0
       3
       2
       3
       2
       3
       1
       3
       1
       1
       3
       2
       2
       6
       3
       2
       3
       1
       1
       3
       1
       2
       0
       2
       0
       1
       1
       2
       0
       1
       4
       3
       3
       3
       2
       3
       1
       1
       1
       0
       1
       3
       0
       3
       2
       0
       1
       2
       3
       1
       0
       4
       2
       3
       2
       2
       3
       2
       2
       2
       4
       2
       3
       3
       5
       2
       1
       5
       1
       3
       1
       1
       1
       2
       0
       1
       1
       2
       0
       1
       0
       2
       1
       1
       0
       2
       0
       1
       1
       5
       0
       4
       2
       1
       1
       5
       0
       4
       2
       1
       0
       0
       1
       3
       1
       3
       1
       1
       3
       2
       3
       2
       4
       0
       2
       3
       1
       4
       2
       2
       2
       2
       1
       0
       0
       1
       3
       2
       2
       3
       2
       0
       1
       2
       1
       0
       2
       1
       4
       0
       4
       1
       3
       1
       5
       1
       4
       0
       2
       2
       0
       3
       2
       2
       5
       1
       3
       0
       2
       0
       3
       1
       4
       1
       4
       1
       1
       3
       0
       2
       0
       0
       1
       0
       1
       1
       3
       2
       2
       1
       2
       0
       0
       3
       0
       1
       1
       2
       5
       3
       0
       1
       1
       3
       2
       0
       5
       1
       3
       0
       0
       0
       1
       1
       0
       0
       2
       3
       0
       1
       1
       3
       2
       4
       0
       3
       4
       0
       1
       3
       0
       2
       2
       3
       4
       0
       1
       1
       1
       0
       3
       2
       1
       2
       3
       1
       0
       3
       2
       1
       1
       0
       0
       0
       0
       1
       5
       2
       0
       2
       2
       2
       1
       1
       2
       1
       2
       1
       4
       1
       1
       2
       3
       0
       1
       0
       2
       1
       0
       2
       1
       1
       3
       0
       1
       1
       3
       1
       0
       1
       0
       2
       1
       1
       2
       0
       3
       0
       0
       0
       3
       0
       0
       0
       0
       0
       0
       0
       0
       0
       0
       0
       0
       0
       0
       0
       0
       0
       0
       0
       0
       0
       0
       0
       0
       0
       0
       0
       0
       0
       0
       0
       0
$ROI:
2
28 62
1962 1980
$PRESETS:
None
0
0
$ENER_FIT:
0.000000 0.000000
$MCA_CAL:
3
0.000000E+000 0.000000E+000 0.000000E+000 
$SHAPE_CAL:
3
0.000000E+000 0.000000E+000 0.000000E+000
